1						ACTIVO	29509568112,230	4780919540,000	4701489135,370	29588998516,860
1	11					DISPONIBLE	313408394,130	2176548633,000	1782680633,000	707276394,130
1	11	05				CAJA	26357033,490	22282368,000	22592790,000	26046611,490
1	11	05	05			CAJA GENERAL	2028734,670	22282368,000	20543519,000	3767583,670
1	11	05	05	01		CAJA GENERAL	2028734,670	22282368,000	20543519,000	3767583,670
1	11	05	10			CAJAS MENORES	4000000,000	0,000	0,000	4000000,000
1	11	05	10	01		CAJA MENOR ADMINISTRACION	4000000,000	0,000	0,000	4000000,000
1	11	05	15			MONEDA EXTRANJERA	20328298,820	0,000	2049271,000	18279027,820
1	11	10				BANCOS	287010382,760	2150515035,000	1760081225,000	677444192,760
1	11	10	05			MONEDA NACIONAL	287010382,760	2150515035,000	1760081225,000	677444192,760
1	11	10	05	01		DAVIVIENDA	21251770,590	1340259975,000	776514161,000	584997584,590
1	11	10	05	01	01	DAVIVIENDA CTA 001103049317	21251770,590	1340259975,000	776514161,000	584997584,590
1	11	10	05	02		BANCOLOMBIA	265758612,170	810255060,000	983567064,000	92446608,170
1	11	10	05	02	01	BANCOLOMBIA CTA 20413569941	265758612,170	810255060,000	983567064,000	92446608,170
1	11	20				CUENTAS DE AHORROS	40977,880	3751230,000	6618,000	3785589,880
1	11	20	05			BANCOS	40977,880	3751230,000	6618,000	3785589,880
1	11	20	05	01		DAVIVIENDA	40977,880	3751230,000	6618,000	3785589,880
1	11	20	05	01	01	DAVIVIENDA CTA 1103049317	40977,880	3751230,000	6618,000	3785589,880
1	12					INVERSIONES	1561552130,550	59821296,000	179471775,000	1441901651,550
1	12	45				DERECHOS FIDUCIARIOS	1561552130,550	59821296,000	179471775,000	1441901651,550
1	12	45	05			FIDEICOMISOS DE INVERSION MONEDA NACIONAL	1561552130,550	59821296,000	179471775,000	1441901651,550
1	12	45	05	04		CORREVAL S.A. - FONVAL  NO. 12606014447	1203182586,930	0,000	120000000,000	1083182586,930
1	12	45	05	06		ALIANZA VALORES	59471774,620	59821296,000	59471775,000	59821295,620
1	12	45	05	07		CORREVAL S.A - INMOVAL	298897769,000	0,000	0,000	298897769,000
1	13					DEUDORES	2449529540,030	2526339896,000	2539817322,970	2436052113,060
1	13	05				CLIENTES	439814375,000	2240579313,000	2236881206,000	443512482,000
1	13	05	05			NACIONALES	439814375,000	2240579313,000	2236881206,000	443512482,000
1	13	05	05	01		MATRICULA	46488703,000	16450214,000	24966971,000	37971946,000
1	13	05	05	01	01	MATRICULA	45697442,000	14886769,000	23403526,000	37180685,000
1	13	05	05	01	02	DERECHOS DE GRADO	791261,000	270111,000	270111,000	791261,000
1	13	05	05	01	04	ADMISIONES	0,000	1293334,000	1293334,000	0,000
1	13	05	05	02		PENSION	263715767,000	1634513991,000	1628651209,000	269578549,000
1	13	05	05	02	01	PENSION	263715767,000	1634513991,000	1628651209,000	269578549,000
1	13	05	05	03		TRANSPORTE	57841747,000	264117376,000	263330508,000	58628615,000
1	13	05	05	03	01	TRANSPORTE NORMAL	55915647,000	261948806,000	260410438,000	57454015,000
1	13	05	05	03	02	TRANSPORTE PUERTA A PUERTA	924100,000	0,000	0,000	924100,000
1	13	05	05	03	05	TRANSPORTE ACOMPA베NTE	0,000	2118470,000	2118470,000	0,000
1	13	05	05	03	07	TRANS PUERTA A PUERTA ENTRENAMIENTOS DEPORT DE PRIMARIA SEMESTRALES	751500,000	0,000	501000,000	250500,000
1	13	05	05	03	08	TRANS PUERTA A PUERTA ENTRENAMIENTOS DEPORT ESC MEDIA Y BACHILLERATO TRIMESTRAL	250500,000	50100,000	300600,000	0,000
1	13	05	05	04		CAFETERIA	47953811,000	215322674,000	212505996,000	50770489,000
1	13	05	05	04	01	CAFETERIA	47535111,000	214051174,000	211147496,000	50438789,000
1	13	05	05	04	06	TIENDA	418700,000	1271500,000	1358500,000	331700,000
1	13	05	05	50		MUSICALES	1463334,000	6618408,000	7451742,000	630000,000
1	13	05	05	50	01	VIOLIN	0,000	3519931,000	3519931,000	0,000
1	13	05	05	50	02	GUITARRA	216667,000	162500,000	379167,000	0,000
1	13	05	05	50	03	PIANO	216667,000	2033477,000	2250144,000	0,000
1	13	05	05	50	04	BATERIA	0,000	325000,000	325000,000	0,000
1	13	05	05	50	06	BANDA	400000,000	100000,000	500000,000	0,000
1	13	05	05	50	14	GUITARRA ELECTRICA	0,000	162500,000	162500,000	0,000
1	13	05	05	50	15	CANTO POR DOS PERSONAS	630000,000	315000,000	315000,000	630000,000
1	13	05	05	51		DEPORTES	2061317,000	7718570,000	7892765,000	1887122,000
1	13	05	05	51	03	EQUITACION	683169,000	0,000	0,000	683169,000
1	13	05	05	51	04	GIMNASIA ARTISTICA	442000,000	0,000	0,000	442000,000
1	13	05	05	51	06	FUTBOL MASCULINO	752815,000	310000,000	310000,000	752815,000
1	13	05	05	51	08	CICLOMONTA벨SMO	0,000	997667,000	997667,000	0,000
1	13	05	05	51	14	FUTBOL MIXTO	0,000	469606,000	463892,000	5714,000
1	13	05	05	51	15	TAEKWONDO K4 Y K5	183333,000	781108,000	964441,000	0,000
1	13	05	05	51	17	EQUITACION K4 A 1 -COLEGIO	0,000	3776772,000	3773348,000	3424,000
1	13	05	05	51	20	GIMNASIA ARTISTICA K4 Y K5	0,000	423750,000	423750,000	0,000
1	13	05	05	51	21	GIMNASIA ARTISTICA TR	0,000	376667,000	376667,000	0,000
1	13	05	05	51	22	GIMNASIA ARTISTICA 1	0,000	141250,000	141250,000	0,000
1	13	05	05	51	24	FUTBOL 2 A 3	0,000	441750,000	441750,000	0,000
1	13	05	05	52		DANZAS Y DEMAS ACTIVIDADES	0,000	997400,000	997400,000	0,000
1	13	05	05	52	03	ROBOTICA Y ELECTRONICA	0,000	415000,000	415000,000	0,000
1	13	05	05	52	12	MINECRAGT EDU TR A 5	0,000	374400,000	374400,000	0,000
1	13	05	05	52	13	ROBOTICA INTERMEDIA LEGO MINDSTORMS EV 3 TR A 8	0,000	208000,000	208000,000	0,000
1	13	05	05	53		TEXTOS Y LIBROS	2061598,000	533000,000	962704,000	1631894,000
1	13	05	05	53	01	TEXTOS ESCOLARES	47000,000	0,000	0,000	47000,000
1	13	05	05	53	02	PLAN LECTOR	2014598,000	533000,000	962704,000	1584894,000
1	13	05	05	54		CENTRO DE APOYO	0,000	3261692,000	3261692,000	0,000
1	13	05	05	54	01	LEARNING CENTER 	0,000	2347470,000	2347470,000	0,000
1	13	05	05	54	05	VALORACION	0,000	914222,000	914222,000	0,000
1	13	05	05	55		LEARNING CENTER	455754,000	13187575,000	13643329,000	0,000
1	13	05	05	55	07	FONOAUDIOLOGIA 6 SESIONES	0,000	799088,000	799088,000	0,000
1	13	05	05	55	08	FONOAUDIOLOGIA 8 SESIONES	0,000	288919,000	288919,000	0,000
1	13	05	05	55	09	FONOAUDIOLOGIA 12 SESIONES	0,000	209647,000	209647,000	0,000
1	13	05	05	55	10	FONOAUDIOLOGIA 20 SESIONES	0,000	2228133,000	2228133,000	0,000
1	13	05	05	55	11	TERAPIA OCUPACIONAL 4 SESIONES	0,000	303836,000	303836,000	0,000
1	13	05	05	55	12	TERAPIA OCUPACIONAL 6 SESIONES	455754,000	419293,000	875047,000	0,000
1	13	05	05	55	13	TERAPIA OCUPACIONAL 8 SESIONES	0,000	866757,000	866757,000	0,000
1	13	05	05	55	14	TERAPIA OCUPACIONAL 12 SESIONES	0,000	2166347,000	2166347,000	0,000
1	13	05	05	55	15	TERAPIA OCUPACIONAL 20 SESIONES	0,000	5905555,000	5905555,000	0,000
1	13	05	05	95		OTROS	45728564,000	72981069,000	70564075,000	48145558,000
1	13	05	05	95	01	CHEQUES DEVUELTOS	20755134,000	0,000	0,000	20755134,000
1	13	05	05	95	02	CHEQUES POSTFECHADOS	18756450,000	0,000	0,000	18756450,000
1	13	05	05	95	04	OTROS	625000,000	0,000	0,000	625000,000
1	13	05	05	95	05	SALIDAS PEDAGOGICAS	872292,000	500000,000	676350,000	695942,000
1	13	05	05	95	06	PRIMERA COMUNION	650000,000	0,000	0,000	650000,000
1	13	05	05	95	07	OBRA DE TEATRO	98000,000	0,000	76000,000	22000,000
1	13	05	05	95	08	UNIFORMES DEPORTIVOS	55000,000	0,000	0,000	55000,000
1	13	05	05	95	10	PRUEBA ICFES	2286688,000	11600000,000	11050974,000	2835714,000
1	13	05	05	95	11	ONU MODELO NACIONES UNIDAS	0,000	21442069,000	21442069,000	0,000
1	13	05	05	95	12	CORO NAVIDAD UCB	200000,000	0,000	50000,000	150000,000
1	13	05	05	95	15	CONVIVENCIAS	530000,000	0,000	0,000	530000,000
1	13	05	05	95	17	VESTUARIO	75000,000	0,000	25000,000	50000,000
1	13	05	05	95	18	BOLETAS MUSICAL	825000,000	0,000	150000,000	675000,000
1	13	05	05	95	21	UNIFORMES DEPORTIVOS BALONCESTO	0,000	1332000,000	1332000,000	0,000
1	13	05	05	95	22	UNIFORMES DEPORTIVOS VOLLEIBOL	0,000	1870000,000	1700000,000	170000,000
1	13	05	05	95	23	UNIFORMES DEPORTIVOS TRUSAS	0,000	1476000,000	1476000,000	0,000
1	13	05	05	95	24	UNIFORMES DEPORTIVOS FUTBOL	0,000	1870000,000	1785000,000	85000,000
1	13	05	05	95	25	UNIFORMES DEPORTIVOS CICLOMONTA벨SMO	0,000	1404000,000	1404000,000	0,000
1	13	05	05	95	26	ASOCIACION DIA DE LA FAMILIA	0,000	31487000,000	29396682,000	2090318,000
1	13	05	05	97		CARTERA POR IDENTIFICAR	-28348746,000	2413567,000	0,000	-25935179,000
1	13	05	05	98		INTERESES MORA	392526,000	2463777,000	2652815,000	203488,000
1	13	30				ANTICIPOS Y AVANCES	1927737027,000	224560476,000	143870652,000	2008426851,000
1	13	30	10			A CONTRATISTAS	1927737027,000	152241476,000	71551652,000	2008426851,000
1	13	30	15			A TRABAJADORES	0,000	72319000,000	72319000,000	0,000
1	13	30	15	04		ANTICIPO CONVENIO PROTECCION	0,000	72319000,000	72319000,000	0,000
1	13	60				RECLAMACIONES	2815950,000	141000,000	0,000	2956950,000
1	13	60	95			OTRAS	2815950,000	141000,000	0,000	2956950,000
1	13	60	95	01		RECLAMACIONES	2815950,000	141000,000	0,000	2956950,000
1	13	65				CUENTAS POR COBRAR A TRABAJADORES	21220333,000	5793286,000	6725651,000	20287968,000
1	13	65	95			OTROS	21220333,000	5793286,000	6725651,000	20287968,000
1	13	65	95	01		CUENTAS POR COBRAR A TRABAJADORES	21220333,000	5793286,000	6725651,000	20287968,000
1	13	80				DEUDORES VARIOS	119329517,030	55265821,000	152339813,970	22255524,060
1	13	80	95			OTROS	119329517,030	55265821,000	152339813,970	22255524,060
1	13	80	95	01		PARTICULARES CORRIENTE	9894718,060	54939243,000	48421758,000	16412203,060
1	13	80	95	02		ANTICIPO VACACIONES EMPLEADOS	103918055,970	0,000	103918055,970	0,000
1	13	80	95	20		INCAPACIDADES EPS 66.66%	2471909,000	68578,000	0,000	2540487,000
1	13	80	95	21		INCAPCIDADES ARL	3044834,000	258000,000	0,000	3302834,000
1	13	99				PROVISIONES	-61387662,000	0,000	0,000	-61387662,000
1	13	99	05			CLIENTES	-61387662,000	0,000	0,000	-61387662,000
1	15					PROPIEDAD PLANTA Y EQUIPO	15446087241,010	16751795,000	147308305,000	15315530731,010
1	15	04				TERRENOS	740753666,000	0,000	0,000	740753666,000
1	15	04	90			COLGAAP TERRENOS	740753666,000	0,000	0,000	740753666,000
1	15	08				CONSTRUCCIONES EN CURSO	22922760,000	11757795,000	0,000	34680555,000
1	15	08	05			CONSTRUCCIONES Y EDIFICACIONES	22922760,000	11757795,000	0,000	34680555,000
1	15	08	05	05		PARQUE INFANTIL	22922760,000	11757795,000	0,000	34680555,000
1	15	16				CONSTRUCCIONES Y EDIFICACIONES	18711533871,520	0,000	0,000	18711533871,520
1	15	16	05			EDIFICIOS	338358632,000	0,000	0,000	338358632,000
1	15	16	90			COLGAAP CONSTRUCCIONES Y EDIFICACIONES	18373175239,520	0,000	0,000	18373175239,520
1	15	20				MAQUINARIA Y EQUIPO	468386954,100	0,000	0,000	468386954,100
1	15	20	05			MAQUINARIA Y EQUIPO	147253651,000	0,000	0,000	147253651,000
1	15	20	90			COLGAAP MAQUINARIA Y EQUIPO	321133303,100	0,000	0,000	321133303,100
1	15	24				EQUIPO DE OFICINA	2776652069,690	0,000	0,000	2776652069,690
1	15	24	05			MUEBLES Y ENSERES	309483499,000	0,000	0,000	309483499,000
1	15	24	80			INSTRUMENTOS MUSICALES	9850000,000	0,000	0,000	9850000,000
1	15	24	90			COLGAAP EQUIPO DE OFICINA	2391457370,690	0,000	0,000	2391457370,690
1	15	24	95			IMPLEMENTOS DEPORTIVOS	65861200,000	0,000	0,000	65861200,000
1	15	28				EQUIPO DE COMPUTACION Y COMUNICACION	2203950971,130	4994000,000	0,000	2208944971,130
1	15	28	05			EQUIPOS DE PROCESAMIENTO DE DATOS	518194566,000	4994000,000	0,000	523188566,000
1	15	28	90			COLGAAP EQUIPO DE COMPUTACION Y COMUNICACION	1685756405,130	0,000	0,000	1685756405,130
1	15	32				EQUIPO MEDICO - CIENTIFICO	325944613,000	0,000	0,000	325944613,000
1	15	32	05			EQUIPO MEDICO	27019486,000	0,000	0,000	27019486,000
1	15	32	90			COLGAAP EQUIPO MEDICO - CIENTIFICO	298925127,000	0,000	0,000	298925127,000
1	15	36				EQUIPOS DE HOTELES Y RESTAURANTES	324623324,000	0,000	0,000	324623324,000
1	15	36	10			DE COMESTIBLES Y BEBIDAS	957000,000	0,000	0,000	957000,000
1	15	36	90			COLGAAP EQUIPOS DE HOTELES Y RESTAURANTES	323666324,000	0,000	0,000	323666324,000
1	15	40				FLOTA Y EQUIPO DE TRANSPORTE	2833231351,000	0,000	0,000	2833231351,000
1	15	40	15			BUSES Y BUSETAS	1975291577,000	0,000	0,000	1975291577,000
1	15	40	90			COLGAAP FLOTA Y EQUIPO DE TRANSPORTE	857939774,000	0,000	0,000	857939774,000
1	15	84				SEMOVIENTES	9200418,000	0,000	0,000	9200418,000
1	15	84	90			COLGAAP SEMOVIENTES	9200418,000	0,000	0,000	9200418,000
1	15	92				DEPRECIACION ACUMULADA	-12971112757,430	0,000	147308305,000	-13118421062,430
1	15	92	16			CONSTRUCCIONES Y EDIFICACIONES	-11181686,000	0,000	1251157,000	-12432843,000
1	15	92	16	05		EDIFICIOS	-11181686,000	0,000	1251157,000	-12432843,000
1	15	92	20			MAQUINARIA Y EQUIPO	-11757644,000	0,000	1871551,000	-13629195,000
1	15	92	20	05		MAQUINARIA Y EQUIPO	-11757644,000	0,000	1871551,000	-13629195,000
1	15	92	24			EQUIPO DE OFICINA	-70772385,000	0,000	6015371,000	-76787756,000
1	15	92	24	05		MUEBLES Y ENSERES	-65988845,000	0,000	5186039,000	-71174884,000
1	15	92	24	80		INSTRUMENTOS MUSICALES	-2336261,000	0,000	113251,000	-2449512,000
1	15	92	24	95		IMPLEMENTOS DEPORTIVOS	-2447279,000	0,000	716081,000	-3163360,000
1	15	92	28			E. DE COMPUTACION Y COMUNICACION	-98932523,000	0,000	8534667,000	-107467190,000
1	15	92	28	05		EQUIPO DE PROCESAMIENTO DE DATOS	-98932523,000	0,000	8534667,000	-107467190,000
1	15	92	32			E. MEDICO Y CIENTIFICO	-16924953,000	0,000	100974,000	-17025927,000
1	15	92	32	05		ENFERMERIA	-16924953,000	0,000	100974,000	-17025927,000
1	15	92	36			E. DE HOTELES Y RESTAURANTES	-696999,000	0,000	26000,000	-722999,000
1	15	92	36	10		DE COMESTIBLES Y BEBIDAS	-696999,000	0,000	26000,000	-722999,000
1	15	92	40			FLOTA Y EQUIPO DE TRANSPORTE	-164254863,000	0,000	32921523,000	-197176386,000
1	15	92	40	15		BUSES Y BUSETAS	-164254863,000	0,000	32921523,000	-197176386,000
1	15	92	90			COLGAAP DEPRECIACION ACUMULADA	-12596591704,430	0,000	96587062,000	-12693178766,430
1	15	92	90	16		COLGAAP - CONSTRUCCIONES Y EDIFICACIONES	-7441797016,080	0,000	78971865,000	-7520768881,080
1	15	92	90	20		COLGAAP - MAQUINARIA Y EQUIPO	-200220786,780	0,000	2185011,000	-202405797,780
1	15	92	90	24		COLGAAP - EQUIPO DE OFICINA	-2030285246,890	0,000	5810092,000	-2036095338,890
1	15	92	90	28		COLGAAP - EQUIPO DE COMPUTACION Y COMUNICACION	-1569031031,940	0,000	6126408,000	-1575157439,940
1	15	92	90	32		COLGAAP - EQUIPO MEDICO - CIENTIFICO	-262493794,120	0,000	958728,000	-263452522,120
1	15	92	90	36		COLGAAP - EQUIPOS DE HOTELES Y RESTAURANTES	-239813383,620	0,000	1577585,000	-241390968,620
1	15	92	90	40		COLGAAP - FLOTA Y EQUIPO DE TRANSPORTE	-843750047,000	0,000	957373,000	-844707420,000
1	15	92	90	84		COLGAAP - SEMOVIENTES	-9200398,000	0,000	0,000	-9200398,000
1	17					DIFERIDOS	420746531,510	1457920,000	52211099,400	369993352,110
1	17	05				GASTOS PAGADOS POR ANTICIPADO	126149151,670	1457920,000	23378764,540	104228307,130
1	17	05	20			SEGUROS Y FIANZAS	98131866,530	1457920,000	14128339,780	85461446,750
1	17	05	20	01		SEGURO DE VEHICULOS	66785595,860	1457920,000	9186890,030	59056625,830
1	17	05	20	05		SEGURO EDUCATIVO	6318440,810	0,000	2438548,170	3879892,640
1	17	05	20	09		POLIZA GLOBAL	25027829,860	0,000	2502901,580	22524928,280
1	17	05	35			MANTENIMIENTO EQUIPOS	28017285,140	0,000	9250424,760	18766860,380
1	17	05	35	02		MANTENIMIENTO SOTFWARE	26990830,170	0,000	8701130,250	18289699,920
1	17	05	35	05		MANTENIMIENTO MAQUINARIA Y EQUIPO	1026454,970	0,000	549294,510	477160,460
1	17	10				CARGOS DIFERIDOS	294597379,840	0,000	28832334,860	265765044,980
1	17	10	16			PROGRAMAS PARA COMPUTADOR (SOFTWARE)	3280435,500	0,000	355102,250	2925333,250
1	17	10	16	01		SOFTWARE CONTABLES	3271735,500	0,000	346402,250	2925333,250
1	17	10	16	02		SOFTWARE ACADEMICOS	8700,000	0,000	8700,000	0,000
1	17	10	40			LICENCIAS	172755783,720	0,000	22537391,400	150218392,320
1	17	10	40	01		LICENCIAS 	172755783,720	0,000	22537391,400	150218392,320
1	17	10	95			OTROS	118561160,620	0,000	5939841,210	112621319,410
1	17	10	95	11		CASA CACHIPAY	116841618,940	0,000	5080070,380	111761548,560
1	17	10	95	12		CUOTA SOSTENIMIENTO	1719541,680	0,000	859770,830	859770,850
1	19					VALORIZACIONES	9318244275,000	0,000	0,000	9318244275,000
1	19	10				DE PROPIEDAD PLANTA Y EQUIPO	9318244275,000	0,000	0,000	9318244275,000
1	19	10	05			LOTE SAN IGNACIO COTA	370154507,000	0,000	0,000	370154507,000
1	19	10	08			CONSTRUCCIONES Y EDIFICACIONES	6348920747,000	0,000	0,000	6348920747,000
1	19	10	12			MAQUINARIA Y EQUIPO	881544373,000	0,000	0,000	881544373,000
1	19	10	16			EQUIPO DE OFICINA	615096294,000	0,000	0,000	615096294,000
1	19	10	20			EQUIPO DE COMPUTACION Y COMUNICACION	254437002,000	0,000	0,000	254437002,000
1	19	10	24			EQUIPO MEDICO CIENTIFICO	73752632,000	0,000	0,000	73752632,000
1	19	10	32			FLOTA Y EQUIPO DE TRANSPORTE	760494225,000	0,000	0,000	760494225,000
1	19	10	95			SEMOVIENTES	13844495,000	0,000	0,000	13844495,000
2						PASIVO	-12606095198,230	4172181929,000	3954381752,000	-12388295021,230
2	21					OBLIGACIONES FINANCIERAS	-2968509582,580	213379426,000	6643628,000	-2761773784,580
2	21	05				BANCOS NACIONALES	-2904905666,580	210791813,000	4934738,000	-2699048591,580
2	21	05	01			TARJETAS DE CREDITO	-9178587,700	13840978,000	4934738,000	-272347,700
2	21	05	01	01		BANCOLOMBIA 5303737886221928	-5390187,700	6264178,000	998788,000	-124797,700
2	21	05	01	02		DAVIVIENDA 4856300466421857	-3788400,000	7576800,000	3935950,000	-147550,000
2	21	05	10			PAGARES	-2895727078,880	196950835,000	0,000	-2698776243,880
2	21	05	10	01		BANCOLOMBIA CORRIENTE	-2562415478,030	180284168,000	0,000	-2382131310,030
2	21	05	10	01	13	CREDITO USD 2.634.000	-1362415478,030	160284168,000	0,000	-1202131310,030
2	21	05	10	01	15	BANCOLOMBIA PAGARE No 310109042	-1200000000,000	20000000,000	0,000	-1180000000,000
2	21	05	10	03		DAVIVIENDA CORRIENTE	-333311600,850	16666667,000	0,000	-316644933,850
2	21	05	10	03	01	CREDITO 7600457600101035	-333311600,850	16666667,000	0,000	-316644933,850
2	21	95				OTRAS OBLIGACIONES	-63603916,000	2587613,000	1708890,000	-62725193,000
2	21	95	05			PARTICULARES CORRIENTE	-63603916,000	2587613,000	1708890,000	-62725193,000
2	22					PROVEEDORES	-99927387,500	214715416,000	301963277,000	-187175248,500
2	22	05				NACIONALES	-99927387,500	214715416,000	301963277,000	-187175248,500
2	22	05	05			PROVEEDORES 	-99927387,500	214715416,000	301963277,000	-187175248,500
2	23					CUENTAS POR PAGAR	-539786296,460	739892854,000	1120289167,000	-920182609,460
2	23	35				COSTOS Y GASTOS POR PAGAR	-252842800,460	496562931,000	564251543,000	-320531412,460
2	23	35	25			CXP HONORARIOS	-31932605,000	39279441,000	22941278,000	-15594442,000
2	23	35	35			CXP SERVICIOS DE MANTENIMIENTO	-1076530,000	1378130,000	1287614,000	-986014,000
2	23	35	40			CXP ARRENDAMIENTOS	0,000	3416100,000	3416100,000	0,000
2	23	35	45			CXP TRANSPORTES, FLETES Y ACARREOS	-73466377,460	52313083,000	105000387,000	-126153681,460
2	23	35	50			CXP SERVICIOS PUBLICOS	0,000	15845900,000	15845900,000	0,000
2	23	35	95			OTROS	-146367288,000	384330277,000	415760264,000	-177797275,000
2	23	35	95	01		CXP OTROS	-44813977,000	277008654,000	297293049,000	-65098372,000
2	23	35	95	02		CXP EXTRACURRICULARES	0,000	4450088,000	4450088,000	0,000
2	23	35	95	03		CXP A PARTICULARES	-101553311,000	102871535,000	114017127,000	-112698903,000
2	23	55				DEUDAS CON ACCIONISTAS O SOCIOS	-177004749,000	0,000	130008,000	-177134757,000
2	23	55	10			SOCIOS	-177004749,000	0,000	130008,000	-177134757,000
2	23	65				RETENCIONES EN LA FUENTE	-89846805,000	139346807,000	149864807,000	-100364805,000
2	23	65	05			SALARIOS Y PAGOS LABORALES	-25437804,000	63383616,000	63383616,000	-25437804,000
2	23	65	05	01		SALARIOS Y PAGOS LABORALES	0,000	13788000,000	13788000,000	0,000
2	23	65	05	02		BONIFICACIONES	0,000	37133117,000	37133117,000	0,000
2	23	65	05	03		INDEPENDIENTES	-25437804,000	12462499,000	12462499,000	-25437804,000
2	23	65	15			HONORARIOS	0,000	1944129,000	1944129,000	0,000
2	23	65	15	02		RTE FTE HONORARIOS 11%	0,000	1944129,000	1944129,000	0,000
2	23	65	20			COMISIONES	0,000	6574,000	6574,000	0,000
2	23	65	20	02		RTE FTE COMISION 11%	0,000	6574,000	6574,000	0,000
2	23	65	25			SERVICIOS	0,000	6303803,000	6303803,000	0,000
2	23	65	25	01		RTE FTE TRANSPORTE 1%	0,000	89516,000	89516,000	0,000
2	23	65	25	02		RTE FTE TRANSPORTE 3.5%	0,000	4235111,000	4235111,000	0,000
2	23	65	25	03		RTE FTE SERVICIOS 4%	0,000	703292,000	703292,000	0,000
2	23	65	25	04		RTE FTE SERVICIOS 6%	0,000	1105278,000	1105278,000	0,000
2	23	65	25	07		RTE FTE SERVICIOS 2%	0,000	58606,000	58606,000	0,000
2	23	65	25	13		RTE FTE CONTRATO OBRA CIVIL 2%	0,000	112000,000	112000,000	0,000
2	23	65	30			ARRENDAMIENTOS	0,000	878228,000	878228,000	0,000
2	23	65	30	01		RTE FTE ARRENDAMIENTOS 3.5%	0,000	878228,000	878228,000	0,000
2	23	65	35			RENDIMIENTOS FINANCIEROS	0,000	138411,000	138411,000	0,000
2	23	65	35	01		RTE FTE RENDIMIENTO FRO 7%	0,000	138411,000	138411,000	0,000
2	23	65	40			COMPRAS	-1,000	2283046,000	2283046,000	-1,000
2	23	65	40	01		RTE FTE COMPRAS 3.5%	0,000	104063,000	104063,000	0,000
2	23	65	40	02		RTE FTE COMPRAS 1.5%	-1,000	226032,000	226032,000	-1,000
2	23	65	40	03		RTE FTE COMBUSTIBLE 0.1%	0,000	337,000	337,000	0,000
2	23	65	40	05		RTE FTE COMPRAS 2.5%	0,000	1952614,000	1952614,000	0,000
2	23	65	95			OTRAS RETENCIONES	-64409000,000	64409000,000	74927000,000	-74927000,000
2	23	65	95	01		RETENCION EN LA FUENTE POR PAGAR	-64409000,000	64409000,000	74927000,000	-74927000,000
2	23	68				IMPUESTO DE INDUSTRIA Y COMERCIO RETENIDO	-4997170,000	3913000,000	1625069,000	-2709239,000
2	23	68	02			RTE ICA SERVICIOS	-4997170,000	3913000,000	1625069,000	-2709239,000
2	23	68	02	04		RTE ICA SERVICIOS 5 X 1000	0,000	0,000	652386,000	-652386,000
2	23	68	02	06		RTE ICA SERVICIOS 7 X 1000	-1084170,000	0,000	943381,000	-2027551,000
2	23	68	02	09		RTE ICA SERVICIOS 10 X 1000	0,000	0,000	29302,000	-29302,000
2	23	68	02	95		RETENCION DE ICA POR PAGAR	-3913000,000	3913000,000	0,000	0,000
2	23	70				RETENCIONES Y APORTES DE NOMINA	-15094772,000	18071584,000	214193608,000	-211216796,000
2	23	70	05			APORTES A ENTIDADES PROMOTORAS DE SALUD E.P.S.	0,000	277780,000	86865156,000	-86587376,000
2	23	70	05	01		NUEVA E.P.S.	0,000	0,000	4800850,000	-4800850,000
2	23	70	05	02		COMPENSAR E.P.S.	0,000	277780,000	12804030,000	-12526250,000
2	23	70	05	03		SANITAS E.P.S.	0,000	0,000	21893950,000	-21893950,000
2	23	70	05	04		FAMISANAR E.P.S.	0,000	0,000	8757396,000	-8757396,000
2	23	70	05	05		COOMEVA E.P.S.	0,000	0,000	2170700,000	-2170700,000
2	23	70	05	06		CRUZ BLANCA E.P.S.	0,000	0,000	1385000,000	-1385000,000
2	23	70	05	09		ALIANSALUD E.P.S.	0,000	0,000	17418000,000	-17418000,000
2	23	70	05	12		SALUD TOTAL E.P.S.	0,000	0,000	4095850,000	-4095850,000
2	23	70	05	13		CAFESALUD E.P.S.	0,000	0,000	8692030,000	-8692030,000
2	23	70	05	14		SURA E.P.S.	0,000	0,000	4222350,000	-4222350,000
2	23	70	05	15		UNISALUD E.P.S.                	0,000	0,000	625000,000	-625000,000
2	23	70	06			APORTES A ADMINISTRADORAS DE RIESGOS PROFESIONALES	0,000	0,000	3646838,000	-3646838,000
2	23	70	06	02		AXA COLPATRIA	0,000	0,000	3646838,000	-3646838,000
2	23	70	10			APORTES AL I.C.B.F., SENA Y CAJAS DE COMPENSACION	0,000	0,000	61465720,000	-61465720,000
2	23	70	25			EMBARGOS JUDICIALES	0,000	1738925,000	1738925,000	0,000
2	23	70	95			OTROS	-15094772,000	16054879,000	60476969,000	-59516862,000
2	23	70	95	01		LIBRANZA OCCIDENTE	-14765772,000	14765778,000	13836868,000	-13836862,000
2	23	70	95	02		LIBRANZA DAVIVIENDA	-329000,000	329000,000	45680000,000	-45680000,000
2	23	70	95	03		RECORDAR	0,000	641800,000	641800,000	0,000
2	23	70	95	04		SEGURO DE VIDA	0,000	318301,000	318301,000	0,000
2	23	80				ACREEDORES VARIOS	0,000	81998532,000	190224132,000	-108225600,000
2	23	80	30			FONDOS DE CESANTIAS Y/O PENSIONES	0,000	72798532,000	181024132,000	-108225600,000
2	23	80	30	01		COLPENSIONES	0,000	10552,000	46580452,000	-46569900,000
2	23	80	30	02		COLFONDOS	0,000	0,000	1572800,000	-1572800,000
2	23	80	30	03		PROTECCION	0,000	72319100,000	102186300,000	-29867200,000
2	23	80	30	07		PORVENIR	0,000	468830,000	28769530,000	-28300700,000
2	23	80	30	09		SKANDIA	0,000	50,000	1915050,000	-1915000,000
2	23	80	95			OTROS	0,000	9200000,000	9200000,000	0,000
2	23	80	95	01		AFC                           	0,000	9200000,000	9200000,000	0,000
2	24					IMPUESTOS, GRAVAMENES Y TASAS	-156266000,000	0,000	0,000	-156266000,000
2	24	12				DE INDUSTRIA Y COMERCIO	-156266000,000	0,000	0,000	-156266000,000
2	24	12	05			VIGENCIA FISCAL CORRIENTE	-156266000,000	0,000	0,000	-156266000,000
2	25					OBLIGACIONES LABORALES	-943396366,920	1253348822,000	690377228,000	-380424772,920
2	25	05				SALARIOS POR PAGAR	0,000	657162352,000	658365808,000	-1203456,000
2	25	05	05			SUELDOS POR PAGAR	0,000	657162352,000	658365808,000	-1203456,000
2	25	10				CESANTIAS CONSOLIDADAS	-421557674,920	2229645,000	0,000	-419328029,920
2	25	10	10			LEY 50 DE 1990 Y NORMAS POSTERIORES	-421557674,920	2229645,000	0,000	-419328029,920
2	25	10	10	05		LEY 50 DE 1990 Y NORMAS POSTERIORES	-421557674,920	0,000	0,000	-421557674,920
2	25	10	10	05	01	CESANTIAS	-421557674,920	0,000	0,000	-421557674,920
2	25	15				INTERESES SOBRE CESANTIAS	-35808536,150	35823475,000	0,000	14938,850
2	25	15	02			INTERESES SOBRE CESANTIAS	-35808536,150	35823475,000	0,000	14938,850
2	25	20				PRIMA DE SERVICIOS	0,000	81243,000	0,000	81243,000
2	25	20	01			PRIMA DE SERVICIOS            	0,000	81243,000	0,000	81243,000
2	25	25				VACACIONES CONSOLIDADAS	-32011420,330	337640515,000	32011420,000	273617674,670
2	25	25	01			VACACIONES DISFRUTADAS 	0,000	305629095,000	32011420,000	273617675,000
2	25	25	05			VACACIONES CONSOLIDADAS	-32011420,330	32011420,000	0,000	-0,330
2	25	30				PRESTACIONES EXTRALEGALES	-323370735,520	220411592,000	0,000	-102959143,520
2	25	30	10			BONIFICACIONES	-323370735,520	220411592,000	0,000	-102959143,520
2	25	30	10	05		BONIFICACIONES	-323370735,520	220411592,000	0,000	-102959143,520
2	25	30	10	05	01	BONIFICACIONES	-323370735,520	220411592,000	0,000	-102959143,520
2	25	31				BONIFICACION POR RETIRO	-326693338,000	0,000	0,000	-326693338,000
2	25	40				INDEMNIZACIONES LABORALES	-130648000,000	0,000	0,000	-130648000,000
2	25	40	05			INDEMNIZACI?N	-130648000,000	0,000	0,000	-130648000,000
2	26					PASIVOS ESTIMADOS Y PROVISIONES	-493476649,200	17362202,000	179983667,000	-656098114,200
2	26	05				PARA COSTOS Y GASTOS	-17362202,000	17362202,000	0,000	0,000
2	26	05	95			OTROS	-17362202,000	17362202,000	0,000	0,000
2	26	05	95	01		OTROS	-17362202,000	17362202,000	0,000	0,000
2	26	10				PARA OBLIGACIONES LABORALES	-476114447,200	0,000	179983667,000	-656098114,200
2	26	10	06			CESANTIAS	0,000	0,000	56744617,000	-56744617,000
2	26	10	10			INTERESES SOBRE CESANTIAS	-0,200	0,000	0,000	-0,200
2	26	10	11			INTERESES SOBRE CESANTIAS	0,000	0,000	6812023,000	-6812023,000
2	26	10	16			VACACIONES	0,000	0,000	28347950,000	-28347950,000
2	26	10	21			PRIMA DE SERVICIOS	0,000	0,000	56744617,000	-56744617,000
2	26	10	25			PRESTACIONES EXTRALEGALES	0,000	0,000	31334460,000	-31334460,000
2	26	10	25	05		BONIFICACION CESANTIAS	0,000	0,000	11956765,000	-11956765,000
2	26	10	25	06		BONIFICACION INTERESES CESANTIAS	0,000	0,000	1435392,000	-1435392,000
2	26	10	25	07		BONIFICACION VACACIONES	0,000	0,000	5985538,000	-5985538,000
2	26	10	25	08		BONIFICACION PRIMA DE SERVICIOS	0,000	0,000	11956765,000	-11956765,000
2	26	10	95			OTRAS	-476114447,000	0,000	0,000	-476114447,000
2	26	10	95	01		INDEMNIZACIONES	-476114447,000	0,000	0,000	-476114447,000
2	28					OTROS PASIVOS	-7404732915,570	1733483209,000	1655124785,000	-7326374491,570
2	28	05				ANTICIPOS Y AVANCES RECIBIDOS	-3209832068,570	1488621375,000	1500035494,000	-3221246187,570
2	28	05	05			DE CLIENTES	-3007232410,150	1488349003,000	1468210241,000	-2987093648,150
2	28	05	05	01		ANTICIPO PENSION              	-2188237508,770	1477971564,000	1453761725,000	-2164027669,770
2	28	05	05	01	01	ANTICIPO PENSIONES	-2110580721,770	1477971564,000	1442261725,000	-2074870882,770
2	28	05	05	01	02	SEPARACION DE CUPO	-77656787,000	0,000	11500000,000	-89156787,000
2	28	05	05	10		ANTICIPO MATRICULA	-817579404,110	10377439,000	14448516,000	-821650481,110
2	28	05	05	10	01	MATRICULA	0,000	4328907,000	7594047,000	-3265140,000
2	28	05	05	10	02	SISTEMATIZACI?N DE CALIFICACIONES	0,000	654230,000	747692,000	-93462,000
2	28	05	05	10	04	PAPELERIA Y/O MATERIALES	-326809471,630	1446758,000	1653436,000	-327016149,630
2	28	05	05	10	05	OTROS DERIVADOS	0,000	471088,000	538388,000	-67300,000
2	28	05	05	10	06	PROYECTO TECNOL?GICO	0,000	1329530,000	1449321,000	-119791,000
2	28	05	05	10	07	BIBLIOBANCO Y/O MATERIAL DIDACTICO	-354559718,810	1548276,000	1781460,000	-354792902,810
2	28	05	05	10	08	PROY. RESPONSABILIDAD SOCIAL	-136210213,670	598650,000	684172,000	-136295735,670
2	28	05	05	11		DESCUENTOS Y BECAS POR AMORTIZAR	-1415497,270	0,000	0,000	-1415497,270
2	28	05	05	11	04	BECAS MATERIALES	-620043,500	0,000	0,000	-620043,500
2	28	05	05	11	06	BECA PROYECTO RESPONSABILIDAD	-333533,250	0,000	0,000	-333533,250
2	28	05	05	11	07	BECA DERECHOS DE GRADO	0,280	0,000	0,000	0,280
2	28	05	05	11	08	BECA PROYECTO DE INFRAESTRUCTURA 	-0,250	0,000	0,000	-0,250
2	28	05	05	11	12	BECA PROGRAMA CONSENTIDOS	-0,250	0,000	0,000	-0,250
2	28	05	05	11	13	BECA BIBILIOBANCO	-461920,300	0,000	0,000	-461920,300
2	28	05	95			OTROS	-202599658,420	272372,000	31825253,000	-234152539,420
2	28	05	95	04		PROGRAMA CONSENTIDOS	-15539366,410	0,000	0,000	-15539366,410
2	28	05	95	07		SEGURO DE ACCIDENTES	-4266126,000	272372,000	299640,000	-4293394,000
2	28	05	95	09		ASOCIACI?N DE PADRES	-750208,000	0,000	31387000,000	-32137208,000
2	28	05	95	11		TERCER IDIOMA	-49504672,160	0,000	0,000	-49504672,160
2	28	05	95	12		ESTRATEGIAS ESP. DE FORMACION	-16716780,830	0,000	0,000	-16716780,830
2	28	05	95	14		ACTIV. CULTURALES, FAMILIARES Y COMUNITARIAS	-35717679,080	0,000	138613,000	-35856292,080
2	28	05	95	15		PRUEBAS ESTANDARIZADAS DE INGLES	-49183450,000	0,000	0,000	-49183450,000
2	28	05	95	16		PROYECTO DE INFRAESTRUCTURA	-30921375,940	0,000	0,000	-30921375,940
2	28	10				DEPOSITOS RECIBIDOS	-4180829935,000	213374834,000	123602291,000	-4091057392,000
2	28	10	95			OTROS	-4180829935,000	213374834,000	123602291,000	-4091057392,000
2	28	10	95	01		PENSIONES ANTICIPADAS	-3966837530,000	212980169,000	122977291,000	-3876834652,000
2	28	10	95	02		ANT BANCOLOMBIA	-213992405,000	394665,000	0,000	-213597740,000
2	28	10	95	02	01	ANTICIPO BANCOLOMBIA	-232763600,000	0,000	0,000	-232763600,000
2	28	10	95	02	02	DESC ANTICIPO BANCOLOMBIA	18771195,000	394665,000	0,000	19165860,000
2	28	10	95	51		DEPORTES	0,000	0,000	625000,000	-625000,000
2	28	10	95	51	07	CLASES CICLOMONTA벨SMO	0,000	0,000	625000,000	-625000,000
2	28	15				INGRESOS RECIBIDOS PARA TERCEROS	-13771068,000	31487000,000	31487000,000	-13771068,000
2	28	15	05			VALORES RECIBIDOS PARA TERCEROS	-13771068,000	31487000,000	31487000,000	-13771068,000
2	28	15	05	03		FONDO ALUMNOS	-2358097,000	0,000	0,000	-2358097,000
2	28	15	05	07		FONDO DE DEPORTES	-2194571,000	0,000	0,000	-2194571,000
2	28	15	05	19		FONDO PROMOCI?N 2012	-7390000,000	0,000	0,000	-7390000,000
2	28	15	05	36		FONDO LATITUD NORTE	-1828400,000	0,000	0,000	-1828400,000
2	28	15	05	42		ASOCIACION DIA DE LA FAMILIA	0,000	31487000,000	31487000,000	0,000
2	28	95				DIVERSOS	-299844,000	0,000	0,000	-299844,000
2	28	95	20			CONVENIOS	-299844,000	0,000	0,000	-299844,000
2	28	95	20	01		CONVENIO OEI	-299844,000	0,000	0,000	-299844,000
3						PATRIMONIO	-18263044020,900	0,000	0,000	-18263044020,900
3	31					CAPITAL SOCIAL	-300000,000	0,000	0,000	-300000,000
3	31	40				FONDO SOCIAL	-300000,000	0,000	0,000	-300000,000
3	31	40	05			APORTE FUNDADORES	-300000,000	0,000	0,000	-300000,000
3	32					SUPERAVIT DE CAPITAL	-542794355,660	0,000	0,000	-542794355,660
3	32	10				DONACIONES	-542794355,660	0,000	0,000	-542794355,660
3	32	10	05			EN DINERO	-542794355,660	0,000	0,000	-542794355,660
3	36					RESULTADOS DEL EJERCICIO	-0,470	0,000	0,000	-0,470
3	36	05				UTILIDAD DEL EJERCICIO	-0,470	0,000	0,000	-0,470
3	36	05	05			UTILIDAD DEL EJERCICIO	-0,470	0,000	0,000	-0,470
3	37					RESULTADOS DE EJERCICIOS ANTERIORES	-8401705389,770	0,000	0,000	-8401705389,770
3	37	05				UTILIDADES O EXCEDENTES ACUMULADOS	-8894766321,330	0,000	0,000	-8894766321,330
3	37	05	01			EXCEDENTE A벮 1993	-8066250,040	0,000	0,000	-8066250,040
3	37	05	02			EXCEDENTE A벮 1994	-41086042,700	0,000	0,000	-41086042,700
3	37	05	03			EXCEDENTE A벮 1995	-9616762,580	0,000	0,000	-9616762,580
3	37	05	04			EXCEDENTE A벮 2001	-236646933,650	0,000	0,000	-236646933,650
3	37	05	05			EXCEDENTE A벮 2002	-283314962,370	0,000	0,000	-283314962,370
3	37	05	06			EXCEDENTE A벮 2003	-22768512,240	0,000	0,000	-22768512,240
3	37	05	07			EXCEDENTE A벮 2004	-378817664,000	0,000	0,000	-378817664,000
3	37	05	08			EXCEDENTE A벮 2005	-257986251,740	0,000	0,000	-257986251,740
3	37	05	09			EXCEDENTE A벮 2006	-353488695,060	0,000	0,000	-353488695,060
3	37	05	10			EXCEDENTE A벮 2007	-435716103,490	0,000	0,000	-435716103,490
3	37	05	11			EXCEDENTE A벮 2008	-216431618,610	0,000	0,000	-216431618,610
3	37	05	12			EXCEDENTE A벮 2009	-261521495,840	0,000	0,000	-261521495,840
3	37	05	13			EXCEDENTE A벮 2010	-632243553,610	0,000	0,000	-632243553,610
3	37	05	14			EXCEDENTE A벮 2011	-998763284,770	0,000	0,000	-998763284,770
3	37	05	15			EXCEDENTE A벮 2012	-711616221,690	0,000	0,000	-711616221,690
3	37	05	16			EXCEDENTE A벮 1999	-30561879,880	0,000	0,000	-30561879,880
3	37	05	17			EXCEDENTE A벮 2013	-851391522,330	0,000	0,000	-851391522,330
3	37	05	18			EXCEDENTE A벮 2014	-1407110788,730	0,000	0,000	-1407110788,730
3	37	05	19			EXCEDENTE A벮 2015	-1757617778,000	0,000	0,000	-1757617778,000
3	37	10				PERDIDAS ACUMULADAS	493060931,560	0,000	0,000	493060931,560
3	37	10	01			PERDIDA A벮 1992	4181562,730	0,000	0,000	4181562,730
3	37	10	02			PERDIDA A벮 1996	162997817,160	0,000	0,000	162997817,160
3	37	10	03			PERDIDA A벮 1997	78184834,610	0,000	0,000	78184834,610
3	37	10	04			PERDIDA A벮 1998	152348978,290	0,000	0,000	152348978,290
3	37	10	05			PERDIDA A벮 2000	95347738,770	0,000	0,000	95347738,770
3	38					SUPERAVIT POR VALORIZACION	-9318244275,000	0,000	0,000	-9318244275,000
3	38	10				DE PROPIEDAD PLANTA Y EQUIPO	-9318244275,000	0,000	0,000	-9318244275,000
3	38	10	05			LOTE SAN IGNACIO COTA	-370154507,000	0,000	0,000	-370154507,000
3	38	10	16			CONSTRUCCIONES Y EDIFICACIONES	-6348920747,000	0,000	0,000	-6348920747,000
3	38	10	20			MAQUINARIA Y EQUIPO	-881544373,000	0,000	0,000	-881544373,000
3	38	10	24			EQUIPO DE OFICINA	-615096294,000	0,000	0,000	-615096294,000
3	38	10	28			EQUIPO DE COMPUTACION Y COMUNICACION	-254437002,000	0,000	0,000	-254437002,000
3	38	10	32			EQUIPO MEDICO - CIENTIFICO	-73752632,000	0,000	0,000	-73752632,000
3	38	10	40			FLOTA Y EQUIPO DE TRANSPORTE	-760494225,000	0,000	0,000	-760494225,000
3	38	10	84			SEMOVIENTES	-13844495,000	0,000	0,000	-13844495,000
4						INGRESO	-26502335523,530	104340785,000	2226852162,000	-28624846900,530
4	41					OPERACIONALES	-26149230283,770	104340784,000	2204601434,000	-28249490933,770
4	41	60				ENSE베NZA	-26952636557,690	18260368,000	2202768430,000	-29137144619,690
4	41	60	05			ACTIVIDADES RELACIONADAS CON LA EDUCACION	-26952636557,690	18260368,000	2202768430,000	-29137144619,690
4	41	60	05	01		INGRESOS POR MATRICULA	-5703434604,810	0,000	690111,000	-5704124715,810
4	41	60	05	01	01	ING. MATRICULA	-2382402058,020	0,000	0,000	-2382402058,020
4	41	60	05	01	02	ING. SISTEMATIZACION	-408326812,240	0,000	0,000	-408326812,240
4	41	60	05	01	03	ING. ALQUILER TEXTOS	-610852135,710	0,000	0,000	-610852135,710
4	41	60	05	01	04	ING. MATERIALES	-575181209,690	0,000	0,000	-575181209,690
4	41	60	05	01	05	ING. PROYECTO TECNOLOGICO	-723357858,510	0,000	0,000	-723357858,510
4	41	60	05	01	07	CERTIFICADOS Y BOLETINES	-299292653,650	0,000	0,000	-299292653,650
4	41	60	05	01	08	ING. ADMISIONES	-2100000,000	0,000	420000,000	-2520000,000
4	41	60	05	01	10	ING. PROYECTO RESPONSABILIDAD SOCIAL	-152022943,210	0,000	0,000	-152022943,210
4	41	60	05	01	11	ING. DERECHOS DE GRADO	-32552326,000	0,000	270111,000	-32822437,000
4	41	60	05	01	12	ING. SERVICIO MEDICO	-85476796,750	0,000	0,000	-85476796,750
4	41	60	05	01	13	ING. LICENCIAS-SOFTWARE EDUCATIVO	-90981099,500	0,000	0,000	-90981099,500
4	41	60	05	01	14	ING. ESTRATEGIAS ESP. DE FORMACION	-27141575,410	0,000	0,000	-27141575,410
4	41	60	05	01	15	ING. ORIENTACION PROFESIONAL	-11666842,500	0,000	0,000	-11666842,500
4	41	60	05	01	16	ING. ACTIV. CULTURALES, FAMILIARES Y COMUNITARIAS	-115490242,220	0,000	0,000	-115490242,220
4	41	60	05	01	17	ING. PRUEBAS ESTANDARIZADAS DE INGLES	-42833783,000	0,000	0,000	-42833783,000
4	41	60	05	01	18	ING. PROYECTO DE INFRAESTRUCTURA	-60291551,640	0,000	0,000	-60291551,640
4	41	60	05	01	20	ING. TERCER IDIOMA	-83464716,760	0,000	0,000	-83464716,760
4	41	60	05	02		INGRESOS POR PENSION	-13850004777,000	11966328,000	1634513991,000	-15472552440,000
4	41	60	05	02	01	ING. PENSION	-13849996777,000	11966328,000	1634513991,000	-15472544440,000
4	41	60	05	02	02	ING. CERTIFICADOS	-8000,000	0,000	0,000	-8000,000
4	41	60	05	03		INGRESOS POR TRANSPORTE	-2840265980,000	1165158,000	265410710,000	-3104511532,000
4	41	60	05	03	01	ING. TRANSPORTE NORMAL	-2762149487,000	1165158,000	264067276,000	-3025051605,000
4	41	60	05	03	02	ING. TRANSPORTE PUERTA A PUERTA	-37618195,000	0,000	0,000	-37618195,000
4	41	60	05	03	04	ING TRANS PUERTA PUERTA EXTRACURRICULARES	-22259997,000	0,000	1293334,000	-23553331,000
4	41	60	05	03	05	ING TRANS PUERTA A PUERTA ENTRENAMIENTOS DEPORT DE PRIMARIA SEMESTRALES	-11523001,000	0,000	0,000	-11523001,000
4	41	60	05	03	06	ING TRANS PUERTA A PUERTA ENTRENAMIENTOS DEPORT ESC MEDIA Y BACHILLERATO TRIMESTRAL	-6715300,000	0,000	50100,000	-6765400,000
4	41	60	05	04		INGRESOS POR CAFETERIA	-2392032519,000	1628882,000	227287904,000	-2617691541,000
4	41	60	05	04	01	ING. CAFETERIA	-2305859819,000	1623882,000	222026754,000	-2526262691,000
4	41	60	05	04	02	ING. CAFETERIA TIENDA	-86172700,000	5000,000	5261150,000	-91428850,000
4	41	60	05	05		INGRESOS POR LEARNING CENTER	-137718771,000	0,000	3261692,000	-140980463,000
4	41	60	05	05	01	ING. LEARNING CENTER	-137718771,000	0,000	3261692,000	-140980463,000
4	41	60	05	50		MUSICALES	-284163244,000	0,000	6618408,000	-290781652,000
4	41	60	05	50	01	ING. VIOLIN	-83879281,000	0,000	3519931,000	-87399212,000
4	41	60	05	50	02	ING. GUITARRA	-17785301,000	0,000	162500,000	-17947801,000
4	41	60	05	50	03	ING. PIANO	-66766241,000	0,000	2033477,000	-68799718,000
4	41	60	05	50	04	ING. BATERIA	-37294120,000	0,000	325000,000	-37619120,000
4	41	60	05	50	05	ING. CANTO	-21489798,000	0,000	0,000	-21489798,000
4	41	60	05	50	06	ING. BANDA	-5746000,000	0,000	100000,000	-5846000,000
4	41	60	05	50	07	ING. VIENTOS	-760000,000	0,000	0,000	-760000,000
4	41	60	05	50	12	ING. BAJO ELECTRICO	-3915601,000	0,000	0,000	-3915601,000
4	41	60	05	50	14	ING. GUITARRA ELECTRICA	-10357102,000	0,000	162500,000	-10519602,000
4	41	60	05	50	15	ING. CANTO POR DOS PERSONAS	-30781800,000	0,000	315000,000	-31096800,000
4	41	60	05	50	16	CANTO POR TRES PERSONAS	-5388000,000	0,000	0,000	-5388000,000
4	41	60	05	51		INGRESOS POR DEPORTES	-250759135,000	0,000	7093570,000	-257852705,000
4	41	60	05	51	02	ING. TAEKWONDO	-10713600,000	0,000	0,000	-10713600,000
4	41	60	05	51	03	ING. EQUITACION	-54320232,000	0,000	0,000	-54320232,000
4	41	60	05	51	04	ING. GIMNASIA ARTISTICA	-37621624,000	0,000	0,000	-37621624,000
4	41	60	05	51	05	ING.  FUTBOL	-30268797,000	0,000	310000,000	-30578797,000
4	41	60	05	51	07	ING. CICLOMONTA벨SMO	-13419399,000	0,000	372667,000	-13792066,000
4	41	60	05	51	11	ING. PATINAJE	-340599,000	0,000	0,000	-340599,000
4	41	60	05	51	12	FUTBOL MIXTO	-17188997,000	0,000	469606,000	-17658603,000
4	41	60	05	51	13	ING TAEKWONDO K4 Y K5	-6049997,000	0,000	781108,000	-6831105,000
4	41	60	05	51	14	ING TAEKWONDO TR A 5	-4569223,000	0,000	0,000	-4569223,000
4	41	60	05	51	15	ING EQUITACION K4 A 1 -COLEGIO	-36928730,000	0,000	3776772,000	-40705502,000
4	41	60	05	51	16	ING EQUITACION K4 A 4 -PONY CLUB	-3800000,000	0,000	0,000	-3800000,000
4	41	60	05	51	18	ING GIMNASIA ARTISTICA K4 Y K5	-10311247,000	0,000	423750,000	-10734997,000
4	41	60	05	51	19	ING GIMNASIA ARTISTICA TR	-6215001,000	0,000	376667,000	-6591668,000
4	41	60	05	51	20	ING GIMNASIA ARTISTICA 1	-8333749,000	0,000	141250,000	-8474999,000
4	41	60	05	51	21	ING GIMNASIA ARTISTICA 2 A 5	-565000,000	0,000	0,000	-565000,000
4	41	60	05	51	22	ING FUTBOL 2 A 3	-7262940,000	0,000	441750,000	-7704690,000
4	41	60	05	51	23	ING NATACION K4 A 7	-2850000,000	0,000	0,000	-2850000,000
4	41	60	05	52		INGRESOS DANZAS	-39475356,000	0,000	997400,000	-40472756,000
4	41	60	05	52	01	ING. BALLET	-3978800,000	0,000	0,000	-3978800,000
4	41	60	05	52	03	ING. ROBOTICA Y ELECTRONICA	-17276157,000	0,000	415000,000	-17691157,000
4	41	60	05	52	09	ING. EXPERIMENTOS	-6322800,000	0,000	0,000	-6322800,000
4	41	60	05	52	10	ING INGENIERIA DE LAS COSAS TR A 5	-832000,000	0,000	0,000	-832000,000
4	41	60	05	52	11	ING CIENCIA NANOTECNOLOGIA TR A 5	-1663999,000	0,000	0,000	-1663999,000
4	41	60	05	52	12	ING MINECRAGT EDU TR A 5	-4451200,000	0,000	374400,000	-4825600,000
4	41	60	05	52	13	ING ROBOTICA INTERMEDIA LEGO MINDSTORMS EV 3 TR A 8	-4950400,000	0,000	208000,000	-5158400,000
4	41	60	05	53		INGRESOS POR ACTIVIDADES	-382050876,000	3500000,000	22475069,000	-401025945,000
4	41	60	05	53	01	ING. SALIDAS PEDAGOGICAS	-34649384,000	0,000	500000,000	-35149384,000
4	41	60	05	53	02	ING. OBRAS DE TEATRO	-28072000,000	0,000	0,000	-28072000,000
4	41	60	05	53	03	ING. ANUARIO	-67353221,000	0,000	0,000	-67353221,000
4	41	60	05	53	04	ING. TEXTOS ESCOLARES	-37100,000	0,000	0,000	-37100,000
4	41	60	05	53	06	ING. CAFE CONCIERTO	-200000,000	0,000	0,000	-200000,000
4	41	60	05	53	07	ING. PRESENTACIONES CLAUSURAS	-300000,000	0,000	0,000	-300000,000
4	41	60	05	53	09	ING. EVENTO GRULAC	-8054775,000	0,000	0,000	-8054775,000
4	41	60	05	53	12	ING. CORO UCB	-2625000,000	0,000	0,000	-2625000,000
4	41	60	05	53	13	ING. MODELO DE NACIONES UNIDAS ONU	-121286446,000	3500000,000	21442069,000	-139228515,000
4	41	60	05	53	15	ING. PLAN LECTOR	-61492950,000	0,000	533000,000	-62025950,000
4	41	60	05	53	16	ING. CONVIVENCIAS	-57980000,000	0,000	0,000	-57980000,000
4	41	60	05	55		OTROS CONCEPTOS DE COBRO	-31290000,000	0,000	1680000,000	-32970000,000
4	41	60	05	55	01	ING. ADMISIONES	-31290000,000	0,000	1680000,000	-32970000,000
4	41	60	05	56		LEARNING CENTER	-63833507,000	0,000	13187575,000	-77021082,000
4	41	60	05	56	06	FONOAUDIOLOGIA 4 SESIONES	-607672,000	0,000	0,000	-607672,000
4	41	60	05	56	07	FONOAUDIOLOGIA 6 SESIONES	-1367262,000	0,000	799088,000	-2166350,000
4	41	60	05	56	08	FONOAUDIOLOGIA 8 SESIONES	-4719013,000	0,000	288919,000	-5007932,000
4	41	60	05	56	09	FONOAUDIOLOGIA 12 SESIONES	-5241165,000	0,000	209647,000	-5450812,000
4	41	60	05	56	10	FONOAUDIOLOGIA 20 SESIONES	-12634535,000	0,000	2228133,000	-14862668,000
4	41	60	05	56	11	TERAPIA OCUPACIONAL 4 SESIONES	-1750094,000	0,000	303836,000	-2053930,000
4	41	60	05	56	12	TERAPIA OCUPACIONAL 6 SESIONES	-1139385,000	0,000	419293,000	-1558678,000
4	41	60	05	56	13	TERAPIA OCUPACIONAL 8 SESIONES	-5489462,000	0,000	866757,000	-6356219,000
4	41	60	05	56	14	TERAPIA OCUPACIONAL 12 SESIONES	-5660458,000	0,000	2166347,000	-7826805,000
4	41	60	05	56	15	TERAPIA OCUPACIONAL 20 SESIONES	-23887580,000	0,000	5905555,000	-29793135,000
4	41	60	05	56	20	NIVELACION ACADEMICA 20 SESIONES	-1336881,000	0,000	0,000	-1336881,000
4	41	60	05	80		PENSIONES ANTICIPADAS	-845613239,000	0,000	0,000	-845613239,000
4	41	60	05	80	01	ING. PENSIONES ANTICIPADAS	-845613239,000	0,000	0,000	-845613239,000
4	41	60	05	95		OTROS INGRESOS	-131994548,880	0,000	19552000,000	-151546548,880
4	41	60	05	95	01	ING. EVENTOS CULTURALES	-350000,000	0,000	0,000	-350000,000
4	41	60	05	95	03	ING. SEGUROS	-26577957,000	0,000	0,000	-26577957,000
4	41	60	05	95	04	ING. OTROS INGRESOS EDUCATIVOS	-34000,000	0,000	0,000	-34000,000
4	41	60	05	95	05	ING. UNIFORMES Y DOTACIONES	-22646282,000	0,000	0,000	-22646282,000
4	41	60	05	95	06	ING. PRIMERA COMUNION	-36270600,000	0,000	0,000	-36270600,000
4	41	60	05	95	08	ING. PRUEBA ICFES	-23025975,000	0,000	11600000,000	-34625975,000
4	41	60	05	95	09	ING. EXAMENES MEDICOS	-44000,000	0,000	0,000	-44000,000
4	41	60	05	95	10	PROG. CONSENTIDOS	-14498414,880	0,000	0,000	-14498414,880
4	41	60	05	95	11	ING UNIFORMES DEPORTIVOS BALONCESTO	-1443000,000	0,000	1332000,000	-2775000,000
4	41	60	05	95	12	ING UNIFORMES DEPORTIVOS VOLLEIBOL	-2210000,000	0,000	1870000,000	-4080000,000
4	41	60	05	95	13	ING UNIFORMES DEPORTIVOS TRUSAS	-246000,000	0,000	1476000,000	-1722000,000
4	41	60	05	95	14	ING UNIFORMES DEPORTIVOS FUTBOL	-1870000,000	0,000	1870000,000	-3740000,000
4	41	60	05	95	15	ING UNIFORMES DEPORTIVOS CICLOMONTA벨SMO	-1248000,000	0,000	1404000,000	-2652000,000
4	41	60	05	95	16	CANDADO DE SEGURIDAD	-1530320,000	0,000	0,000	-1530320,000
4	41	75				DEVOLUCIONES EN VENTAS (DB)	803406273,920	86080416,000	1833004,000	887653685,920
4	41	75	05			DEVOLUCIONES EN VENTAS (DB)	51709205,980	925541,000	0,000	52634746,980
4	41	75	05	01		DEV. MATRICULAS	892861,700	0,000	0,000	892861,700
4	41	75	05	02		DEV. PENSION	14231164,000	0,000	0,000	14231164,000
4	41	75	05	03		DEV. TRANSPORTE	9693542,000	0,000	0,000	9693542,000
4	41	75	05	04		DEV. CAFETERIA	1773209,000	0,000	0,000	1773209,000
4	41	75	05	10		DEV TRANS PUERTA A PUERTA ENTRENAMIENTOS DEPORT DE PRIMARIA SEMESTRALES	83500,000	0,000	0,000	83500,000
4	41	75	05	12		DEV ING UNIFORMES DEPORTIVOS BALONCESTO	0,000	111000,000	0,000	111000,000
4	41	75	05	15		DEV ING UNIFORMES DEPORTIVOS FUTBOL	0,000	170000,000	0,000	170000,000
4	41	75	05	19		DEV SISTEMATIZACION	599709,700	0,000	0,000	599709,700
4	41	75	05	21		DEV MATERIALES	1326193,730	0,000	0,000	1326193,730
4	41	75	05	22		DEV PROYECTO TECNOLOGICO	1642253,270	0,000	0,000	1642253,270
4	41	75	05	24		DEV PROYECTO RESPONSABILIDAD SOCIAL	570141,630	0,000	0,000	570141,630
4	41	75	05	28		DEV ESTRATEGIAS ESP. DE FORMACION	311560,240	0,000	0,000	311560,240
4	41	75	05	31		DEV PROYECTO DE INFRAESTRUCTURA	698339,380	0,000	0,000	698339,380
4	41	75	05	32		DEV TERCER IDIOMA	1756154,000	0,000	0,000	1756154,000
4	41	75	05	33		DEV PROGRAMA CONSENTIDOS	111364,290	0,000	0,000	111364,290
4	41	75	05	34		DEV CERTIFICADOS	431830,650	0,000	0,000	431830,650
4	41	75	05	35		DEV TRANSPORTE NORMAL	2912894,000	635541,000	0,000	3548435,000
4	41	75	05	38		DEV CAFETERIA TIENDA	0,000	9000,000	0,000	9000,000
4	41	75	05	41		DEV PLAN LECTOR	60900,000	0,000	0,000	60900,000
4	41	75	05	50		DEV. MUSICALES	2450400,000	0,000	0,000	2450400,000
4	41	75	05	50	03	DEV. PIANO	421200,000	0,000	0,000	421200,000
4	41	75	05	50	04	DEV. BATERIA	608400,000	0,000	0,000	608400,000
4	41	75	05	50	09	DEV. CANTO POR DOS PERSONAS	820800,000	0,000	0,000	820800,000
4	41	75	05	50	11	DEV MUSICAL PREESCOLAR	150000,000	0,000	0,000	150000,000
4	41	75	05	50	12	DEV MUSICALES PRIMARIA	50000,000	0,000	0,000	50000,000
4	41	75	05	50	14	DEC DE BANDA	400000,000	0,000	0,000	400000,000
4	41	75	05	51		DEV. DEPORTES	1210000,000	0,000	0,000	1210000,000
4	41	75	05	51	13	DEV. EQUITACION K4 A 1 -COLEGIO	645000,000	0,000	0,000	645000,000
4	41	75	05	51	16	DEV. GIMNASIA ARTISTICA K4 Y K5	565000,000	0,000	0,000	565000,000
4	41	75	05	53		DEV. POR ACTIVIDADES	3023927,300	0,000	0,000	3023927,300
4	41	75	05	53	01	DEV. SALIDAS PEDAGOGICAS	17872,000	0,000	0,000	17872,000
4	41	75	05	53	02	DEV. OBRAS DE TEATRO	304002,000	0,000	0,000	304002,000
4	41	75	05	53	03	DEV. ANUARIO	1953596,300	0,000	0,000	1953596,300
4	41	75	05	53	04	DEV. OTROS	11730,000	0,000	0,000	11730,000
4	41	75	05	53	05	DEV. PRIMERA COMUNI?N	736727,000	0,000	0,000	736727,000
4	41	75	05	54		DEV. SEPARACI?N DE CUPO	5632023,000	0,000	0,000	5632023,000
4	41	75	05	55		DEV. PRUEBAS ESTANDARIZADAS DE INGLES	193985,000	0,000	0,000	193985,000
4	41	75	05	56		BOLETA OBRA DE TEATRO	684000,000	0,000	0,000	684000,000
4	41	75	05	57		DEV BIBLIOBANCO	1419253,090	0,000	0,000	1419253,090
4	41	75	10			DESCUENTOS CONCEDIDOS	751697067,940	85154875,000	1833004,000	835018938,940
4	41	75	10	05		SEGUNDO HIJO	22723261,000	0,000	0,000	22723261,000
4	41	75	10	10		DESCUENTO POR PRONTO PAGO	32187083,000	19494092,000	309096,000	51372079,000
4	41	75	10	15		CONDONACI?N	1029899,000	65384,000	0,000	1095283,000
4	41	75	10	16		DESC PAGOP ANTICIPADO MATRICULA	75513605,000	0,000	0,000	75513605,000
4	41	75	10	26		DESC PAGO ANTICIPADO LICENCIAS - SOFTWARE EDUCATIVO	225443,000	0,000	0,000	225443,000
4	41	75	10	27		DESC PAGO ANTICIPADO ESTRATEGIAS ESP. DE FORMACION	45195,000	0,000	0,000	45195,000
4	41	75	10	33		DESC PAGO ANTICIPADO PENSION	255750843,420	0,000	0,000	255750843,420
4	41	75	10	35		DESC PAGO ANTICIPADO TRANSPORTE NORMAL	431683,000	0,000	0,000	431683,000
4	41	75	10	37		DESC PAGO ANTICIPADO CAFETERIA	1746093,000	0,000	0,000	1746093,000
4	41	75	10	38		DESC PAGO ANTICIPADO CAFETERIA TIENDA	8000,000	0,000	0,000	8000,000
4	41	75	10	39		DESC PAGO ANTICIPADO LEARNING CENTER	577838,000	0,000	0,000	577838,000
4	41	75	10	46		BECAS MATRICULAS	42717563,000	0,000	0,000	42717563,000
4	41	75	10	47		BECAS SISTEMATIZACION	8414444,000	0,000	0,000	8414444,000
4	41	75	10	49		BECAS MARIALES	14364246,500	0,000	0,000	14364246,500
4	41	75	10	50		BECAS PROYECTO TECNOLOGICO	13196602,000	0,000	0,000	13196602,000
4	41	75	10	52		BECA PROYECTO RESPONSABILIDAD	6003606,500	0,000	0,000	6003606,500
4	41	75	10	53		BECA DERECHOS DE GRADO	540221,720	0,000	0,000	540221,720
4	41	75	10	60		BECA PROYECTO DE INFRAESTRUCTURA 	175494,250	0,000	0,000	175494,250
4	41	75	10	61		BECA TERCER IDIOMA	383260,000	0,000	0,000	383260,000
4	41	75	10	62		BECA PENSION	191845668,000	50712231,000	1523908,000	241033991,000
4	41	75	10	63		BECA CERTIFICADOS	4710880,000	0,000	0,000	4710880,000
4	41	75	10	64		BECA TRANSPORTE NORMAL	20812205,000	5892926,000	0,000	26705131,000
4	41	75	10	65		BECA TRANSPORTE PUERTA A PUERTA	400000,000	0,000	0,000	400000,000
4	41	75	10	66		BECA CAFETERIA	36250069,000	8711242,000	0,000	44961311,000
4	41	75	10	72		BECA PROGRAMA CONSENTIDOS	58958,250	0,000	0,000	58958,250
4	41	75	10	73		BECA BIBILIOBANCO	15110883,300	0,000	0,000	15110883,300
4	41	75	10	74		BECA SEGURO DE ACCIDENTE	30281,000	0,000	0,000	30281,000
4	41	75	10	75		DESCUENTO SEGURO ACCIDENTE	224742,000	0,000	0,000	224742,000
4	41	75	10	76		BECA UNIFORME DEPORTIVO CICLOMONTA벨SMO	156000,000	156000,000	0,000	312000,000
4	41	75	10	77		BECA UNIFORME DEPORTIVO TRUSAS	123000,000	123000,000	0,000	246000,000
4	41	75	10	78		BECA VIOLIN	3135000,000	0,000	0,000	3135000,000
4	41	75	10	79		BECA EQUITACION	1290000,000	0,000	0,000	1290000,000
4	41	75	10	80		BECA FUTBOL	465000,000	0,000	0,000	465000,000
4	41	75	10	81		BECA CICLOMONTA벨SMO	430000,000	0,000	0,000	430000,000
4	41	75	10	82		BECA GIMNASIA ARTISTICA	565000,000	0,000	0,000	565000,000
4	41	75	10	83		BECA BOLETAS MUSICAL UCB	50000,000	0,000	0,000	50000,000
4	41	75	10	84		BECA SALIDAS PEDAGOGICAS	5000,000	0,000	0,000	5000,000
4	42					NO OPERACIONALES	-353105239,760	1,000	22250728,000	-375355966,760
4	42	10				FINANCIEROS	-182617949,000	0,000	3120330,000	-185738279,000
4	42	10	05			INTERESES	-151310081,000	0,000	2813497,000	-154123578,000
4	42	10	05	01		INTERESES FINANCIEROS	-128866059,000	0,000	349720,000	-129215779,000
4	42	10	05	02		INTERESES DE MORA	-22444022,000	0,000	2463777,000	-24907799,000
4	42	10	20			DIFERENCIA EN CAMBIO	-16673948,000	0,000	306833,000	-16980781,000
4	42	10	40			DESCUENTOS COMERCIALES CONDICIONADOS	-13633920,000	0,000	0,000	-13633920,000
4	42	10	60			SANCIONES CHEQUES DEVUELTOS	-1000000,000	0,000	0,000	-1000000,000
4	42	10	60	01		SANCI?N CHEQUES DEVUELTOS	-1000000,000	0,000	0,000	-1000000,000
4	42	20				ARRENDAMIENTOS	-8917530,000	0,000	747075,000	-9664605,000
4	42	20	05			TERRENOS	-8917530,000	0,000	747075,000	-9664605,000
4	42	20	05	01		ARRIENDO LOTE DE COTA	-8917530,000	0,000	747075,000	-9664605,000
4	42	25				COMISIONES	-2280542,000	0,000	0,000	-2280542,000
4	42	25	95			OTRAS COMISIONES	-2280542,000	0,000	0,000	-2280542,000
4	42	45				UTILIDAD EN VENTA DE PROPIEDADES PLANTA Y EQUIPO	-26250000,000	0,000	0,000	-26250000,000
4	42	45	40			FLOTA Y EQUIPO DE TRANSPORTE	-26250000,000	0,000	0,000	-26250000,000
4	42	45	40	01		VENTA DE BUSES	-26250000,000	0,000	0,000	-26250000,000
4	42	50				RECUPERACIONES	-26208164,670	0,000	23400,000	-26231564,670
4	42	50	35			REINTEGRO PROVISIONES	-4765327,000	0,000	0,000	-4765327,000
4	42	50	35	01		REINTEGRO PROVISIONES	-4765327,000	0,000	0,000	-4765327,000
4	42	50	50			REINTEGRO DE OTROS COSTOS Y GASTOS	-21442837,670	0,000	23400,000	-21466237,670
4	42	55				INDEMNIZACIONES	-55036534,000	0,000	15981668,000	-71018202,000
4	42	55	40			POR INCAPACIDADES 	-55036534,000	0,000	15981668,000	-71018202,000
4	42	95				DIVERSOS	-51794520,090	1,000	2378255,000	-54172774,090
4	42	95	05			APROVECHAMIENTOS	-19739157,230	0,000	2377700,000	-22116857,230
4	42	95	10			DONACIONES	-32000000,000	0,000	0,000	-32000000,000
4	42	95	67			UTILES, PAPELERIA Y FOTOCOPIAS	-8700,000	0,000	0,000	-8700,000
4	42	95	81			AJUSTE AL PESO	-46662,860	1,000	555,000	-47216,860
5						GASTOS	6643426631,540	308352597,280	1,000	6951779227,820
5	51					OPERACIONALES DE ADMINISTRACION	6279447628,620	279813126,280	0,000	6559260754,900
5	51	05				GASTOS DE PERSONAL	5488831210,770	245561348,280	0,000	5734392559,050
5	51	05	03			SALARIO INTEGRAL	118262534,000	7546700,000	0,000	125809234,000
5	51	05	06			SUELDOS	1531122801,000	92076637,000	0,000	1623199438,000
5	51	05	15			HORAS EXTRAS Y RECARGOS	13528007,000	1393990,000	0,000	14921997,000
5	51	05	15	01		H. E. DIURNA 	13319729,000	1393990,000	0,000	14713719,000
5	51	05	15	02		H. E. NOCTURNA	5903,000	0,000	0,000	5903,000
5	51	05	15	03		H. E. FESTIVA DIURNA	202375,000	0,000	0,000	202375,000
5	51	05	21			VIATICOS	1000000,000	0,000	0,000	1000000,000
5	51	05	21	01		VIATICOS	1000000,000	0,000	0,000	1000000,000
5	51	05	24			INCAPACIDADES	41231832,000	786898,000	0,000	42018730,000
5	51	05	24	01		INCAPACIDAD ARL  	921600,000	0,000	0,000	921600,000
5	51	05	24	02		INCAPACIDAD 100% EPS	37000236,000	786898,000	0,000	37787134,000
5	51	05	24	03		INCAPACIDAD 66.66%	3309996,000	0,000	0,000	3309996,000
5	51	05	27			AUXILIO DE TRANSPORTE	17122490,000	1222158,000	0,000	18344648,000
5	51	05	30			CESANTIAS	126090178,160	12033314,000	0,000	138123492,160
5	51	05	33			INTERESES SOBRE CESANTIAS	15519625,680	1444559,000	0,000	16964184,680
5	51	05	36			PRIMA DE SERVICIOS	135600060,000	12033314,000	0,000	147633374,000
5	51	05	39			VACACIONES	107001918,920	23419745,280	0,000	130421664,200
5	51	05	40			PROVISION PRESTACIONES EXTRALEGALES	126604897,010	8004157,000	0,000	134609054,010
5	51	05	40	01		CESANTIAS	58579764,830	3054268,000	0,000	61634032,830
5	51	05	40	02		INT. DE CESANTIAS	4394852,570	366660,000	0,000	4761512,570
5	51	05	40	03		VACACIONES	23387708,780	1528961,000	0,000	24916669,780
5	51	05	40	04		PRIMA	40242570,830	3054268,000	0,000	43296838,830
5	51	05	45			AUXILIOS	505610201,000	37697000,000	0,000	543307201,000
5	51	05	45	01		AUXILIO DE TRANSPORTE	375743201,000	17412000,000	0,000	393155201,000
5	51	05	45	02		AUXILIO DE VIVIENDA	17419000,000	1031000,000	0,000	18450000,000
5	51	05	45	05		CONV. AHORRO PROTECCION ALCAPARROS	112448000,000	19254000,000	0,000	131702000,000
5	51	05	51			DOTACION Y SUMINISTRO A TRABAJADORES	240000,000	0,000	0,000	240000,000
5	51	05	60			INDEMNIZACIONES LABORALES	2207427002,000	0,000	0,000	2207427002,000
5	51	05	68			APORTES ADMINISTRADORAS DE RIESGOS LABORALES	8531679,000	538100,000	0,000	9069779,000
5	51	05	69			APORTES A ENTIDADES PROMOTORAS DE SALUD E.P.S.	156544582,000	13654433,000	0,000	170199015,000
5	51	05	69	01		NUEVA E.P.S.	1503840,000	132380,000	0,000	1636220,000
5	51	05	69	02		COMPENSAR E.P.S.	21891796,000	2345570,000	0,000	24237366,000
5	51	05	69	03		SANITAS E.P.S.	28029028,000	2504110,000	0,000	30533138,000
5	51	05	69	04		FAMISANAR E.P.S.	23014087,000	1466380,000	0,000	24480467,000
5	51	05	69	06		CRUZ BLANCA E.P.S.	486650,000	0,000	0,000	486650,000
5	51	05	69	09		ALIANSALUD E.P.S.	33123182,000	2998943,000	0,000	36122125,000
5	51	05	69	12		SALUD TOTAL E.P.S.	23552351,000	2042090,000	0,000	25594441,000
5	51	05	69	13		CAFESALUD E.P.S.	19312821,000	1598770,000	0,000	20911591,000
5	51	05	69	14		SURA E.P.S.	5630827,000	566190,000	0,000	6197017,000
5	51	05	70			APORTES A FONDOS DE PENSIONES Y/O CESANTIAS	223365703,000	20139323,000	0,000	243505026,000
5	51	05	70	01		COLPENSIONES	101964675,000	10229543,000	0,000	112194218,000
5	51	05	70	03		PROTECCION	45516704,000	3912940,000	0,000	49429644,000
5	51	05	70	07		PORVENIR	39884324,000	2996840,000	0,000	42881164,000
5	51	05	70	30		APORTES VOLUNTARIOS DE PENSIONES	36000000,000	3000000,000	0,000	39000000,000
5	51	05	72			APORTES CAJAS DE COMPENSACION FAMILIAR	68458200,000	6031720,000	0,000	74489920,000
5	51	05	72	01		CAFAM	68458200,000	6031720,000	0,000	74489920,000
5	51	05	75			APORTE I.C.B.F.	51341100,000	4523600,000	0,000	55864700,000
5	51	05	75	01		I.C.B.F.	51341100,000	4523600,000	0,000	55864700,000
5	51	05	78			SENA	34228400,000	3015700,000	0,000	37244100,000
5	51	05	78	01		SENA	34228400,000	3015700,000	0,000	37244100,000
5	51	10				HONORARIOS	370697968,000	17223941,000	0,000	387921909,000
5	51	10	10			REVISORIA FISCAL	57408744,000	0,000	0,000	57408744,000
5	51	10	25			ASESORIA JURIDICA	147944384,000	8330000,000	0,000	156274384,000
5	51	10	40			ASESORIA NIIF	16240000,000	0,000	0,000	16240000,000
5	51	10	45			ASESORIA CONTABLE	125104840,000	8893941,000	0,000	133998781,000
5	51	10	55			ASESORIA RECURSOS HUMANOS	24000000,000	0,000	0,000	24000000,000
5	51	15				IMPUESTOS	267825104,000	3922859,000	0,000	271747963,000
5	51	15	05			INDUSTRIA Y COMERCIO	152293000,000	0,000	0,000	152293000,000
5	51	15	40			DE VEHICULOS	534000,000	0,000	0,000	534000,000
5	51	15	95			OTROS	114998104,000	3922859,000	0,000	118920963,000
5	51	15	95	01		IMPUESTO 4 X 1000	111025104,000	3922859,000	0,000	114947963,000
5	51	15	95	03		SOBRETASA BOMBERIL 2%	2649000,000	0,000	0,000	2649000,000
5	51	15	95	04		SOBRETASA C.M.G.R.D. 1%	1324000,000	0,000	0,000	1324000,000
5	51	20				ARRENDAMIENTOS	43637408,000	3776128,000	0,000	47413536,000
5	51	20	10			CONSTRUCCIONES Y EDIFICACIONES	43637408,000	3776128,000	0,000	47413536,000
5	51	30				SEGUROS	3853760,000	0,000	0,000	3853760,000
5	51	30	40			FLOTA Y EQUIPO DE TRANSPORTE	3101000,000	0,000	0,000	3101000,000
5	51	30	95			OTROS	752760,000	0,000	0,000	752760,000
5	51	35				SERVICIOS	6683803,000	0,000	0,000	6683803,000
5	51	35	20			PROCESAMIENTO ELECTRONICO DE DATOS	3202502,000	0,000	0,000	3202502,000
5	51	35	35			TELEFONO	2336144,000	0,000	0,000	2336144,000
5	51	35	40			CORREO, PORTES Y TELEGRAMAS	313625,000	0,000	0,000	313625,000
5	51	35	95			OTROS	831532,000	0,000	0,000	831532,000
5	51	35	95	01		OTROS SERVICIOS	831532,000	0,000	0,000	831532,000
5	51	40				GASTOS LEGALES	2927372,000	0,000	0,000	2927372,000
5	51	40	05			NOTARIALES	409132,000	0,000	0,000	409132,000
5	51	40	15			TRAMITES Y LICENCIAS	2518240,000	0,000	0,000	2518240,000
5	51	45				MANTENIMIENTO Y REPARACIONES	70580,000	0,000	0,000	70580,000
5	51	45	25			EQUIPO DE COMPUTACION Y COMUNICACION	70580,000	0,000	0,000	70580,000
5	51	65				AMORTIZACIONES	1914238,500	0,000	0,000	1914238,500
5	51	65	15			CARGOS DIFERIDOS	1914238,500	0,000	0,000	1914238,500
5	51	65	15	01		SEGUROS	1914238,500	0,000	0,000	1914238,500
5	51	95				DIVERSOS	61528950,000	9328850,000	0,000	70857800,000
5	51	95	05			COMISIONES	849951,000	74322,000	0,000	924273,000
5	51	95	10			LIBROS, SUSCRIPCIONES, PERIODICOS Y REVISTAS	4060000,000	0,000	0,000	4060000,000
5	51	95	30			UTILES, PAPELERIA Y FOTOCOPIAS	84800,000	0,000	0,000	84800,000
5	51	95	35			COMBUSTIBLES Y LUBRICANTES	109032,000	0,000	0,000	109032,000
5	51	95	65			PARQUEADEROS	20000,000	0,000	0,000	20000,000
5	51	95	70			INDEMNIZACION POR DA벮S A TERCEROS	7000000,000	0,000	0,000	7000000,000
5	51	95	70	01		LUCRO CESANTE	7000000,000	0,000	0,000	7000000,000
5	51	95	85			PEAJES	33600,000	0,000	0,000	33600,000
5	51	95	95			OTROS	49371567,000	9254528,000	0,000	58626095,000
5	51	95	95	02		AJUSTE AL PESO	2486,000	0,000	0,000	2486,000
5	51	95	95	03		OTROS ND	49369081,000	9254528,000	0,000	58623609,000
5	51	99				PROVISIONES	31477234,350	0,000	0,000	31477234,350
5	51	99	10			DEUDORES	31477234,350	0,000	0,000	31477234,350
5	53					NO OPERACIONALES	363979002,920	28539471,000	1,000	392518472,920
5	53	05				FINANCIEROS	259895175,000	27607766,000	0,000	287502941,000
5	53	05	05			GASTOS BANCARIOS	21535032,000	1391294,000	0,000	22926326,000
5	53	05	20			INTERESES	232444135,000	26216472,000	0,000	258660607,000
5	53	05	20	01		INTERESES BANCARIOS	4711,000	0,000	0,000	4711,000
5	53	05	20	02		INTERESES DE MORA	1906135,000	0,000	0,000	1906135,000
5	53	05	20	04		INTERESES CREDITOS FINANCIEROS	207665565,000	24239163,000	0,000	231904728,000
5	53	05	20	05		INTERESES CORRIENTES	22867724,000	1977309,000	0,000	24845033,000
5	53	05	25			DIFERENCIA EN CAMBIO	5838981,000	0,000	0,000	5838981,000
5	53	05	35			DESCUENTOS COMERCIALES CONDICIONADOS	77027,000	0,000	0,000	77027,000
5	53	05	35	01		DESCUENTO BANCOLOMBIA	77027,000	0,000	0,000	77027,000
5	53	15				GASTOS EXTRAORDINARIOS	101463938,000	210000,000	0,000	101673938,000
5	53	15	15			COSTOS Y GASTOS DE EJERCICIOS ANTERIORES	42877660,000	210000,000	0,000	43087660,000
5	53	15	20			IMPUESTOS ASUMIDOS	58586278,000	0,000	0,000	58586278,000
5	53	95				GASTOS DIVERSOS	2619889,920	721705,000	1,000	3341593,920
5	53	95	20			MULTAS, SANCIONES Y LITIGIOS	1847146,000	719891,000	0,000	2567037,000
5	53	95	95			OTROS	772743,920	1814,000	1,000	774556,920
5	53	95	95	01		AJUSTE AL PESO	772743,920	1814,000	1,000	774556,920
7						COSTO DE PRODUCCI?N	21383487969,130	1518167071,090	1238872,000	22900416168,220
7	72					MANO DE OBRA DIRECTA	11579838581,000	790640383,690	326578,000	12370152386,690
7	72	05				MANO DE OBRA DIRECTA	11563708581,000	790158033,690	326578,000	12353540036,690
7	72	05	06			SUELDOS	4904217554,000	276904564,000	0,000	5181122118,000
7	72	05	15			HORAS EXTRAS Y RECARGOS	83914078,000	4972672,000	0,000	88886750,000
7	72	05	15	01		H. E. DIURNA	66275522,000	4221178,000	0,000	70496700,000
7	72	05	15	02		H. E. NOCTURNA	181511,000	0,000	0,000	181511,000
7	72	05	15	03		H. E. FESTIVA DIURNA	6397134,000	0,000	0,000	6397134,000
7	72	05	15	04		H. E. FESTIVA NOCTURNA	81635,000	0,000	0,000	81635,000
7	72	05	15	05		RECARGO NOCTURNO	10978276,000	751494,000	0,000	11729770,000
7	72	05	21			VIATICOS	38233206,000	2049271,000	0,000	40282477,000
7	72	05	24			INCAPACIDADES	80759987,000	1980323,000	326578,000	82413732,000
7	72	05	24	01		INCAPACIDAD ARL	11888199,000	309600,000	258000,000	11939799,000
7	72	05	24	02		INCAPACIDAD 100% EPS	51960027,000	1602145,000	0,000	53562172,000
7	72	05	24	03		INCAPACIDAD 66.66%	16911761,000	68578,000	68578,000	16911761,000
7	72	05	27			AUXILIO DE TRANSPORTE	69816040,000	4592101,000	0,000	74408141,000
7	72	05	30			CESANTIAS	493566552,760	44711303,000	0,000	538277855,760
7	72	05	33			INTERESES SOBRE CESANTIAS	33977465,470	5367464,000	0,000	39344929,470
7	72	05	36			PRIMA DE SERVICIOS	459617213,000	44711303,000	0,000	504328516,000
7	72	05	39			VACACIONES	339643204,250	108846260,690	0,000	448489464,940
7	72	05	40			PROVISION PRESTACIONES EXTRALEGALES	351280435,520	23330303,000	0,000	374610738,520
7	72	05	40	01		CESANTIAS	134408409,730	8902497,000	0,000	143310906,730
7	72	05	40	02		INT. CESANTIAS	12455498,670	1068732,000	0,000	13524230,670
7	72	05	40	03		VACACIONES	80871809,410	4456577,000	0,000	85328386,410
7	72	05	40	04		PRIMA	123544717,710	8902497,000	0,000	132447214,710
7	72	05	45			AUXILIOS	1584847845,000	115145066,000	0,000	1699992911,000
7	72	05	45	01		AUXILIO DE TRANSPORTE	1203485362,000	53808233,000	0,000	1257293595,000
7	72	05	45	02		AUXILIO DE VIVIENDA	112252083,000	8271833,000	0,000	120523916,000
7	72	05	45	05		CONV. AHORRO PROTECCION ALCAPARROS	269110400,000	53065000,000	0,000	322175400,000
7	72	05	48			BONIFICACIONES	1153076682,000	0,000	0,000	1153076682,000
7	72	05	51			DOTACION Y SUMINISTRO A TRABAJADORES	68315574,000	0,000	0,000	68315574,000
7	72	05	63			CAPACITACION AL PERSONAL	205984805,000	0,000	0,000	205984805,000
7	72	05	66			GASTOS DEPORTIVOS Y DE RECREACION	5236497,000	0,000	0,000	5236497,000
7	72	05	68			APORTES ADMINISTRADORAS DE RIESGOS LABORALES	41469760,000	3108738,000	0,000	44578498,000
7	72	05	69			APORTES A ENTIDADES PROMOTORAS DE SALUD	492181898,000	45615268,000	0,000	537797166,000
7	72	05	69	01		NUEVA E.P.S.	35029746,000	3139045,000	0,000	38168791,000
7	72	05	69	02		COMPENSAR E.P.S.	60125840,000	6460379,000	0,000	66586219,000
7	72	05	69	03		SANITAS E.P.S.	124376404,000	12436907,000	0,000	136813311,000
7	72	05	69	04		FAMISANAR E.P.S.	50590745,000	4591801,000	0,000	55182546,000
7	72	05	69	05		COOMEVA E.P.S.	15860309,000	1480871,000	0,000	17341180,000
7	72	05	69	06		CRUZ BLANCA E.P.S.	11810168,000	933782,000	0,000	12743950,000
7	72	05	69	09		ALIANSALUD E.P.S.	100569933,000	8597020,000	0,000	109166953,000
7	72	05	69	12		SALUD TOTAL E.P.S.	10235205,000	782551,000	0,000	11017756,000
7	72	05	69	13		CAFESALUD E.P.S.	58200563,000	4430083,000	0,000	62630646,000
7	72	05	69	14		SURA E.P.S.	23958930,000	2337829,000	0,000	26296759,000
7	72	05	69	15		UNISALUD E.P.S.	1204233,000	425000,000	0,000	1629233,000
7	72	05	69	19		CAPITAL SALUD E.P.S	219822,000	0,000	0,000	219822,000
7	72	05	70			APORTES A FONDOS DE PENSION Y/O CESANTIAS	654168227,000	60454131,000	0,000	714622358,000
7	72	05	70	01		COLPENSIONES	249578900,000	23127586,000	0,000	272706486,000
7	72	05	70	02		COLFONDOS	16303167,000	1151357,000	0,000	17454524,000
7	72	05	70	03		PROTECCION	157118783,000	17058121,000	0,000	174176904,000
7	72	05	70	07		PORVENIR	212425877,000	17765267,000	0,000	230191144,000
7	72	05	70	09		SKANDIA	18741500,000	1351800,000	0,000	20093300,000
7	72	05	72			APORTES A CAJAS DE COMPENSACION FAMILIAR	216916462,000	21286920,000	0,000	238203382,000
7	72	05	72	01		CAFAM	216916462,000	21286920,000	0,000	238203382,000
7	72	05	75			APORTES AL I.C.B.F.	162673474,000	15963680,000	0,000	178637154,000
7	72	05	75	01		I.C.B.F.	162673474,000	15963680,000	0,000	178637154,000
7	72	05	78			APORTES AL SENA	108464650,000	10644100,000	0,000	119108750,000
7	72	05	78	01		SENA	108464650,000	10644100,000	0,000	119108750,000
7	72	05	84			GASTOS MEDICOS Y DROGAS	15346971,000	474566,000	0,000	15821537,000
7	72	35				MANO DE OBRA DIRECTA	16130000,000	482350,000	0,000	16612350,000
7	72	35	60			PUBLICIDAD PROPAGANDA Y PROMOCION	16130000,000	482350,000	0,000	16612350,000
7	72	35	60	02		PUBLICIDAD - VIDEO INSTITUCIONAL	16130000,000	482350,000	0,000	16612350,000
7	73					COSTOS INDIRECTOS	9803649388,130	727526687,400	912294,000	10530263781,530
7	73	10				HONORARIOS	132428187,000	10380000,000	0,000	142808187,000
7	73	10	35			ASESORIA TECNICA	127302187,000	10380000,000	0,000	137682187,000
7	73	10	35	01		ASESORIA CALIDAD	70127757,000	10380000,000	0,000	80507757,000
7	73	10	35	02		ACADEMICOS	29174350,000	0,000	0,000	29174350,000
7	73	10	35	03		ASESORIA SISTEMAS	28000080,000	0,000	0,000	28000080,000
7	73	10	95			OTROS	5126000,000	0,000	0,000	5126000,000
7	73	15				IMPUESTOS	42915500,000	0,000	0,000	42915500,000
7	73	15	15			A LA PROPIEDAD RAIZ	15502500,000	0,000	0,000	15502500,000
7	73	15	40			DE VEHICULOS	27413000,000	0,000	0,000	27413000,000
7	73	20				COSTOS INDIRECTOS	226530280,000	18683104,000	0,000	245213384,000
7	73	20	05			ARRENDAMIENTO TERRENOS	168000000,000	14000000,000	0,000	182000000,000
7	73	20	05	01		LOTE CUARTELES	168000000,000	14000000,000	0,000	182000000,000
7	73	20	10			CONSTRUCCIONES Y EDIFICACIONES	35256000,000	3540000,000	0,000	38796000,000
7	73	20	15			MAQUINARIA Y EQUIPO	1445256,000	0,000	0,000	1445256,000
7	73	20	25			EQUIPO DE COMPUTACION Y COMUNICACION	13329024,000	1143104,000	0,000	14472128,000
7	73	20	40			FLOTA Y EQUIPO DE TRANSPORTE	8500000,000	0,000	0,000	8500000,000
7	73	35				SERVICIOS	3569257679,000	279505545,000	0,000	3848763224,000
7	73	35	05			ASEO Y VIGILANCIA	511422482,000	45522563,000	0,000	556945045,000
7	73	35	05	01		SERVICIO DE ASEO	268138603,000	25691035,000	0,000	293829638,000
7	73	35	05	02		VIGILANCIA	243283879,000	19831528,000	0,000	263115407,000
7	73	35	30			ENERGIA ELECTRICA	102450850,000	8151880,000	0,000	110602730,000
7	73	35	35			TELEFONO	24146686,000	2396898,000	0,000	26543584,000
7	73	35	40			CORREO, PORTES Y TELEGRAMAS	1198198,000	0,000	0,000	1198198,000
7	73	35	45			SERVICIO INTERNET	133771917,000	12608054,000	0,000	146379971,000
7	73	35	50			TRANSPORTE, FLETES Y ACARREOS	1770101197,000	129929780,000	0,000	1900030977,000
7	73	35	50	01		TRANSPORTE, FLETES Y ACARREOS	1591002949,000	121003176,000	0,000	1712006125,000
7	73	35	50	02		TRANSPORTE ALIMENTOS	107119248,000	8926604,000	0,000	116045852,000
7	73	35	50	03		RODAMIENTO DE BUSES Y BUSETAS	12894000,000	0,000	0,000	12894000,000
7	73	35	50	05		RELEVOS TRANSPORTE	59085000,000	0,000	0,000	59085000,000
7	73	35	55			GAS	42474511,000	3049610,000	0,000	45524121,000
7	73	35	60			PUBLICIDAD, PROPAGANDA Y PROMOCION	52170140,000	51100,000	0,000	52221240,000
7	73	35	60	01		PUBLICIDAD	52170140,000	51100,000	0,000	52221240,000
7	73	35	95			OTROS	931521698,000	77795660,000	0,000	1009317358,000
7	73	35	95	01		OTROS SERVICIOS	931521698,000	77795660,000	0,000	1009317358,000
7	73	40				COSTOS INDIRECTOS	6499665,000	0,000	0,000	6499665,000
7	73	40	05			GASTOS LEGALES	3627412,000	0,000	0,000	3627412,000
7	73	40	15			TRAMITES Y LICENCIAS	2872253,000	0,000	0,000	2872253,000
7	73	45				MANTENIMIENTO Y REPARACIONES	647067276,000	52377691,000	0,000	699444967,000
7	73	45	10			CONSTRUCCIONES Y EDIFICACIONES	208464953,000	9830747,000	0,000	218295700,000
7	73	45	15			MAQUINARIA Y EQUIPO	154938666,000	4643195,000	0,000	159581861,000
7	73	45	20			EQUIPO DE OFICINA	1573000,000	0,000	0,000	1573000,000
7	73	45	25			EQUIPO DE COMPUTACION Y COMUNICACION	117651854,000	7210903,000	0,000	124862757,000
7	73	45	40			FLOTA Y EQUIPO DE TRANSPORTE	164438803,000	30692846,000	0,000	195131649,000
7	73	50				ADECUACION E INSTALACION	197800,000	0,000	0,000	197800,000
7	73	50	10			ARREGLOS ORNAMENTALES	197800,000	0,000	0,000	197800,000
7	73	55				GASTOS DE VIAJE	32002290,000	0,000	0,000	32002290,000
7	73	55	05			ALOJAMIENTO Y MANUTENCION	8081899,000	0,000	0,000	8081899,000
7	73	55	15			PASAJES AEREOS	23920391,000	0,000	0,000	23920391,000
7	73	60				DEPRECIACIONES	1557266029,000	147308305,000	0,000	1704574334,000
7	73	60	16			CONSTRUCCIONES Y EDIFICACIONES	957626378,000	80223022,000	0,000	1037849400,000
7	73	60	20			MAQUINARIA Y EQUIPO	35651222,000	4056562,000	0,000	39707784,000
7	73	60	24			EQUIPO DE OFICINA	152919660,000	11825463,000	0,000	164745123,000
7	73	60	28			E. DE COMPUTACION Y COMUNICACION	190941681,000	14661075,000	0,000	205602756,000
7	73	60	32			E. MEDICO Y CIENTIFICO	20612318,000	1059702,000	0,000	21672020,000
7	73	60	36			E. DE HOTELES Y RESTAURANTES	22838100,000	1603585,000	0,000	24441685,000
7	73	60	40			FLOTA Y E. DE TRANSPORTE	175743339,000	33878896,000	0,000	209622235,000
7	73	60	84			SEMOVIENTES	933331,000	0,000	0,000	933331,000
7	73	65				AMORTIZACIONES	626911698,130	52211099,400	0,000	679122797,530
7	73	65	15			CARGOS DIFERIDOS	626911698,130	52211099,400	0,000	679122797,530
7	73	65	15	01		SEGUROS	165821453,440	14128339,780	0,000	179949793,220
7	73	65	15	02		MANTENIMIENTO	77362215,340	8687865,180	0,000	86050080,520
7	73	65	15	03		SOFTWARE	8241962,650	911861,830	0,000	9153824,480
7	73	65	15	04		LICENCIAS	303506455,570	22543191,400	0,000	326049646,970
7	73	65	15	05		UTILES Y PAPELERIA	176600,000	0,000	0,000	176600,000
7	73	65	15	06		PUBLICIDAD	1918021,250	0,000	0,000	1918021,250
7	73	65	15	09		MATERIAL DIDACTICO	653532,000	0,000	0,000	653532,000
7	73	65	15	11		REMODELACIONES	60960844,560	5080070,380	0,000	66040914,940
7	73	65	15	14		CUOTA SOSTENIMIENTO UCB	8270613,320	859770,830	0,000	9130384,150
7	73	70				COSTOS RELATIVOS A LA EDUCACION	1201717297,000	74915815,000	0,000	1276633112,000
7	73	70	01			MUSICALES	196472247,000	14671495,000	0,000	211143742,000
7	73	70	01	01		VIOLIN	66180345,000	6222000,000	0,000	72402345,000
7	73	70	01	02		GUITARRA	19072691,000	0,000	0,000	19072691,000
7	73	70	01	03		PIANO	39778690,000	4769655,000	0,000	44548345,000
7	73	70	01	04		BATERIA	25948640,000	3679840,000	0,000	29628480,000
7	73	70	01	05		CORO	42089391,000	0,000	0,000	42089391,000
7	73	70	01	08		VIENTOS	579048,000	0,000	0,000	579048,000
7	73	70	01	11		FLAUTA	424402,000	0,000	0,000	424402,000
7	73	70	01	12		BAJO ELECTRICO	2399040,000	0,000	0,000	2399040,000
7	73	70	02			DEPORTES	130720807,000	3429200,000	0,000	134150007,000
7	73	70	02	02		TAEKWONDO	7267166,000	0,000	0,000	7267166,000
7	73	70	02	03		EQUITACION	28152019,000	3189200,000	0,000	31341219,000
7	73	70	02	04		VOLEIBOL Y BALONCESTO	14620000,000	0,000	0,000	14620000,000
7	73	70	02	05		FUTBOL	40412772,000	240000,000	0,000	40652772,000
7	73	70	02	06		VOLEIBOL Y BALONCESTO	1990000,000	0,000	0,000	1990000,000
7	73	70	02	07		CICLOMONTA벨SMO	7008800,000	0,000	0,000	7008800,000
7	73	70	02	09		GIMNASIA	15884550,000	0,000	0,000	15884550,000
7	73	70	02	11		ROBOTICA Y ELECTRONICA	10266400,000	0,000	0,000	10266400,000
7	73	70	02	18		EXPERIMENTOS	5119100,000	0,000	0,000	5119100,000
7	73	70	03			DANZAS	273183215,000	0,000	0,000	273183215,000
7	73	70	03	01		BALLET	348690,000	0,000	0,000	348690,000
7	73	70	03	02		TEATRO	228284525,000	0,000	0,000	228284525,000
7	73	70	03	03		MUSICA	44550000,000	0,000	0,000	44550000,000
7	73	70	04			IDIOMAS	80772900,000	0,000	0,000	80772900,000
7	73	70	04	01		PORTUGUES	80772900,000	0,000	0,000	80772900,000
7	73	70	50			ACTIVIDADES	419997128,000	56815120,000	0,000	476812248,000
7	73	70	50	01		EVENTOS CULTURALES	167578348,000	0,000	0,000	167578348,000
7	73	70	50	03		EVENTOS DEPORTIVOS	17801760,000	0,000	0,000	17801760,000
7	73	70	50	04		SALIDAS PEDAGOGICAS	13133309,000	0,000	0,000	13133309,000
7	73	70	50	05		COSTOS EVENTOS CULTURALES	2442572,000	0,000	0,000	2442572,000
7	73	70	50	06		AYUDA A LA COMUNIDAD	9234190,000	0,000	0,000	9234190,000
7	73	70	50	07		TALLERES-CONFERENCIAS	16590732,000	0,000	0,000	16590732,000
7	73	70	50	15		UNIFORMES Y OTROS	18759600,000	850000,000	0,000	19609600,000
7	73	70	50	16		PRIMERA COMUNION	31225600,000	1425000,000	0,000	32650600,000
7	73	70	50	17		ICFES	15132800,000	4905000,000	0,000	20037800,000
7	73	70	50	18		DERECHOS DE GRADO	2996280,000	0,000	0,000	2996280,000
7	73	70	50	19		VIAJES	123018037,000	49635120,000	0,000	172653157,000
7	73	70	50	21		GRULAC	2083900,000	0,000	0,000	2083900,000
7	73	70	60			COSTOS PUBLICACIONES	42990000,000	0,000	0,000	42990000,000
7	73	70	60	01		ANUARIO	42990000,000	0,000	0,000	42990000,000
7	73	70	70			COSTOS PRUEBAS ESTANDARIZADAS	57581000,000	0,000	0,000	57581000,000
7	73	70	70	01		INGLES	57086000,000	0,000	0,000	57086000,000
7	73	70	70	02		MATEMATICAS	495000,000	0,000	0,000	495000,000
7	73	80				COSTOS DE RESTAURANTE	900227493,000	65988099,000	788980,000	965426612,000
7	73	80	01			CARNES	312465279,000	24144895,000	445400,000	336164774,000
7	73	80	01	01		CARNE	115469784,000	7134360,000	16000,000	122588144,000
7	73	80	01	02		POLLO	97816669,000	6588575,000	429400,000	103975844,000
7	73	80	01	03		PESCADOS Y MARISCOS	41800825,000	5960000,000	0,000	47760825,000
7	73	80	01	04		ATUN - SARDINAS	7810124,000	0,000	0,000	7810124,000
7	73	80	01	06		HUEVOS	9982788,000	326475,000	0,000	10309263,000
7	73	80	01	07		JAMON - SALCHICHAS	26966594,000	2792342,000	0,000	29758936,000
7	73	80	01	08		CONGELADOS Y PRECOCIDOS	12618495,000	1343143,000	0,000	13961638,000
7	73	80	02			LACTEOS	86094769,000	5044022,000	87448,000	91051343,000
7	73	80	02	01		LECHE	27596893,000	301634,000	0,000	27898527,000
7	73	80	02	02		QUESOS	53885770,000	4338846,000	87448,000	58137168,000
7	73	80	02	03		CREMA DE LECHE	3535969,000	291284,000	0,000	3827253,000
7	73	80	02	04		INSTACREAM	1076137,000	112258,000	0,000	1188395,000
7	73	80	03			VERDURAS	96846479,000	5531592,000	0,000	102378071,000
7	73	80	03	01		VERDURAS	62955432,000	3493310,000	0,000	66448742,000
7	73	80	03	02		PAPA	27905056,000	1739282,000	0,000	29644338,000
7	73	80	03	03		YUCA	1136991,000	0,000	0,000	1136991,000
7	73	80	03	04		CHAMPI벮NES	4849000,000	299000,000	0,000	5148000,000
7	73	80	04			GRANOS	26474444,000	792106,000	0,000	27266550,000
7	73	80	04	01		ARROZ	18298105,000	255368,000	0,000	18553473,000
7	73	80	04	02		GRANOS	8176339,000	536738,000	0,000	8713077,000
7	73	80	05			FRUTAS	103532146,000	8236315,000	0,000	111768461,000
7	73	80	05	01		FRUTAS	56673694,000	2938600,000	0,000	59612294,000
7	73	80	05	02		PULPAS DE FRUTA	46858452,000	5297715,000	0,000	52156167,000
7	73	80	06			ABARROTES	106824962,000	7610709,000	19500,000	114416171,000
7	73	80	06	01		ACEITE	24690297,000	2791236,000	0,000	27481533,000
7	73	80	06	02		CAF	9323480,000	429423,000	0,000	9752903,000
7	73	80	06	03		AZUCAR	14995199,000	179849,000	0,000	15175048,000
7	73	80	06	04		PASTAS	20924431,000	2718164,000	0,000	23642595,000
7	73	80	06	05		CONDIMENTOS Y ESPECIAS	1511786,000	105441,000	0,000	1617227,000
7	73	80	06	06		AROMATICAS	1325502,000	95400,000	19500,000	1401402,000
7	73	80	06	07		VINAGRES	772806,000	67387,000	0,000	840193,000
7	73	80	06	08		MANTEQUILLA	6534864,000	336026,000	0,000	6870890,000
7	73	80	06	09		CHOCOLATE	4820372,000	316623,000	0,000	5136995,000
7	73	80	06	10		PANELA	1057876,000	132480,000	0,000	1190356,000
7	73	80	06	11		SAL	559769,000	0,000	0,000	559769,000
7	73	80	06	13		CONSERVAS	2598888,000	173259,000	0,000	2772147,000
7	73	80	06	14		GRANOS PRECOCIDOS	1316959,000	72514,000	0,000	1389473,000
7	73	80	06	15		SALSAS Y ADEREZOS	6077959,000	0,000	0,000	6077959,000
7	73	80	06	17		FRUTOS SECOS	5577064,000	20487,000	0,000	5597551,000
7	73	80	06	18		HARINAS	3946405,000	116560,000	0,000	4062965,000
7	73	80	06	19		MIEL	791305,000	55860,000	0,000	847165,000
7	73	80	07			BEBIDAS	24603038,000	1969693,000	132375,000	26440356,000
7	73	80	07	01		AGUA	5400300,000	741600,000	0,000	6141900,000
7	73	80	07	02		JUGOS	10764948,000	1091100,000	0,000	11856048,000
7	73	80	07	03		GASEOSAS	6073573,000	136993,000	0,000	6210566,000
7	73	80	07	04		LICORES	1752379,000	0,000	132375,000	1620004,000
7	73	80	07	05		LECHE SABORIZADA	590957,000	0,000	0,000	590957,000
7	73	80	07	06		NESTEA	20881,000	0,000	0,000	20881,000
7	73	80	08			PANADERIA	40831723,000	5859936,000	0,000	46691659,000
7	73	80	08	01		PAN	1394628,000	0,000	0,000	1394628,000
7	73	80	08	02		AREPAS Y TORTILLAS	7533832,000	1816489,000	0,000	9350321,000
7	73	80	08	03		HARINA DE TRIGO	8218022,000	378368,000	0,000	8596390,000
7	73	80	08	04		INSUMOS PANADERIA	18387630,000	3665079,000	0,000	22052709,000
7	73	80	08	05		MASA DE HOJALDRE	5297611,000	0,000	0,000	5297611,000
7	73	80	09			ONCES DIARIAS	102554653,000	6798831,000	104257,000	109249227,000
7	73	80	09	01		PAQUETES	13055776,000	712747,000	0,000	13768523,000
7	73	80	09	02		YOGURT Y KUMIS	11135831,000	895623,000	91127,000	11940327,000
7	73	80	09	03		ALPINITO, COMPOTAS Y OTROS	4495284,000	315081,000	0,000	4810365,000
7	73	80	09	04		MILO	5445183,000	638958,000	0,000	6084141,000
7	73	80	09	05		CEREALES	10058188,000	253014,000	0,000	10311202,000
7	73	80	09	06		GALLETAS	11327194,000	1015775,000	0,000	12342969,000
7	73	80	09	07		BRAWNIE, DONNUTS Y OTROS	8373268,000	252702,000	0,000	8625970,000
7	73	80	09	08		EMPANADAS	10599558,000	0,000	0,000	10599558,000
7	73	80	09	09		DULCES	15074368,000	1386379,000	13130,000	16447617,000
7	73	80	09	10		HELADOS	12990003,000	1328552,000	0,000	14318555,000
7	73	95				COSTOS DIVERSOS	860628194,000	26157029,000	123314,000	886661909,000
7	73	95	05			COMISIONES	84615291,000	0,000	0,000	84615291,000
7	73	95	10			LIBROS, SUSCRIPCIONES, PERIODICOS Y REVISTAS	18650476,000	307000,000	0,000	18957476,000
7	73	95	25			ELEMENTOS DE ASEO Y DESECHABLES	122322037,000	7174411,000	4314,000	129492134,000
7	73	95	25	01		ASEO	100198356,000	5345745,000	0,000	105544101,000
7	73	95	25	02		DESECHABLES	22123681,000	1828666,000	4314,000	23948033,000
7	73	95	30			UTILES, PAPELERIA Y FOTOCOPIAS	228735067,000	15420504,000	119000,000	244036571,000
7	73	95	30	01		UTILES Y PAPELERIA	102075588,000	7648072,000	119000,000	109604660,000
7	73	95	30	02		MATERIALES ESCOLARES	99089495,000	7772432,000	0,000	106861927,000
7	73	95	30	04		LIBROS EN CONSIGNACI?N	27569984,000	0,000	0,000	27569984,000
7	73	95	35			COMBUSTIBLES	177460637,000	1189546,000	0,000	178650183,000
7	73	95	45			TAXIS Y BUSES	11015960,000	415600,000	0,000	11431560,000
7	73	95	60			CASINO Y RESTAURANTES	1261698,000	0,000	0,000	1261698,000
7	73	95	60	01		CASINO MANTENIMIENTO	780200,000	0,000	0,000	780200,000
7	73	95	60	02		CASINO DIRECTIVAS	481498,000	0,000	0,000	481498,000
7	73	95	65			PARQUEADEROS	1992633,000	0,000	0,000	1992633,000
7	73	95	85			PEAJES	53576355,000	0,000	0,000	53576355,000
7	73	95	95			OTROS COSTOS	160998040,000	1649968,000	0,000	162648008,000
7	73	95	95	01		PROYECTOS ESCOLARES	57208570,000	1033800,000	0,000	58242370,000
7	73	95	95	02		COMPRAS SISTEMAS	23779012,000	238000,000	0,000	24017012,000
7	73	95	95	03		COMPRAS DEPORTES	23940059,000	0,000	0,000	23940059,000
7	73	95	95	04		COMPRAS FERRETERIA	12062244,000	57000,000	0,000	12119244,000
7	73	95	95	05		COSTOS DIVERSOS	9358141,000	0,000	0,000	9358141,000
7	73	95	95	06		COMPRAS MUSICA	13200801,000	0,000	0,000	13200801,000
7	73	95	95	07		COMPRAS COCINA	21449213,000	321168,000	0,000	21770381,000
8						CUENTAS DE ORDEN	6035808,000	0,000	0,000	6035808,000
8	83					DEUDORAS DE CONTROL	23210894,000	0,000	0,000	23210894,000
8	83	15				PROPIEDAD PLANTA Y EQUIPO TOTALMENTE DEPRECIADOS A	17175086,000	0,000	0,000	17175086,000
8	83	15	20			MAQUINARIA Y EQUIPO	11902434,000	0,000	0,000	11902434,000
8	83	15	24			EQUIPO DE OFICINA	5272652,000	0,000	0,000	5272652,000
8	83	95				OTRAS CUENTAS DEUDORAS DE CONTROL	6035808,000	0,000	0,000	6035808,000
8	83	95	05			CHEQUES POSFECHADOS	6035808,000	0,000	0,000	6035808,000
8	86					DEUDORAS DE CONTROL POR CONTRA (CR)	-17175086,000	0,000	0,000	-17175086,000
8	86	15				DEUDORAS DE CONTROL POR CONTRA (CR)	-17175086,000	0,000	0,000	-17175086,000
8	86	15	20			PROPIEDAD PLANTA Y EQUPO TOTALMENTE DEPRECIADOS	-11902434,000	0,000	0,000	-11902434,000
8	86	15	24			PROPIEDAD PLANTA Y EQUIPO TOTALMENTE DEPRECIADO	-5272652,000	0,000	0,000	-5272652,000
9						CUENTAS DE ORDEN ACREEDORAS	-6035808,000	0,000	0,000	-6035808,000
9	93					ACREEDORES DE CONTROL	-6035808,000	0,000	0,000	-6035808,000
9	93	95				OTRAS CUENTAS DE ORDEN ACREEDORAS DE CONTROL	-6035808,000	0,000	0,000	-6035808,000
9	93	95	10			CONVENIOS DE PAGO	-6035808,000	0,000	0,000	-6035808,000
