4						INGRESO	2106151629,128	2400450364,049	2277800770,987	2206626052,571	2182250267,366	2101960987,701	-79957452,948	2884980307,643	2576152009,357	2475587942,781	2393137593,124	2342421136,345
4	41					OPERACIONALES	2102852258,878	2397150993,799	2274501400,737	2203326682,321	2178950897,116	2098661617,451	-83256823,198	2881680937,393	2572852639,107	2472288572,531	2389838222,874	2339121766,095
4	41	60				ENSEÑANZA	2246668303,555	2540967038,476	2418317445,414	2347142726,997	2322766941,793	2242477662,128	4510901,759	3204414994,155	2729724122,252	2629160055,676	2546709706,019	2495993249,240
4	41	60	05			ACTIVIDADES RELACIONADAS CON LA EDUCACION	2246668303,555	2540967038,476	2418317445,414	2347142726,997	2322766941,793	2242477662,128	4510901,759	3204414994,155	2729724122,252	2629160055,676	2546709706,019	2495993249,240
4	41	60	05	01		INGRESOS POR MATRICULA	158420323,399	158420323,399	158420323,399	158420323,399	173546514,547	158420323,399		2888069188,441	170302729,620	170302729,620	170302729,620	170302729,620
4	41	60	05	01	01	ING. MATRICULA								1805586567,864				
4	41	60	05	01	02	ING. SISTEMATIZACION								286888705,758				
4	41	60	05	01	03	ING. ALQUILER TEXTOS	58170974,151	58170974,151	58170974,151	58170974,151	58170974,151	58170974,151		31524760,434	63049520,868	63049520,868	63049520,868	63049520,868
4	41	60	05	01	04	ING. MATERIALES	54356757,512	54356757,512	54356757,512	54356757,512	54356757,512	54356757,512		29457711,230	58915422,460	58915422,460	58915422,460	58915422,460
4	41	60	05	01	05	ING. PROYECTO TECNOLOGICO								522873771,025				
4	41	60	05	01	07	ING. OTROS DERIVADOS DE LA EDUCACION								187568778,985				
4	41	60	05	01	08	ING. ADMISIONES												
4	41	60	05	01	10	ING. PROYECTO RESPONSABILIDAD SOCIAL	22492123,824	22492123,824	22492123,824	22492123,824	22492123,824	22492123,824		11350398,000	22700795,999	22700795,999	22700795,999	22700795,999
4	41	60	05	01	11	ING. DERECHOS DE GRADO					15126191,148							
4	41	60	05	01	12	ING. SERVICIO MEDICO												
4	41	60	05	01	13	ING. LICENCIAS-SOFTWARE EDUCATIVO												
4	41	60	05	01	14	ING. ESTRATEGIAS ESP. DE FORMACION	2356050,254	2356050,254	2356050,254	2356050,254	2356050,254	2356050,254		1285209,994	2570419,988	2570419,988	2570419,988	2570419,988
4	41	60	05	01	15	ING. ORIENTACION PROFESIONAL	1259437,123	1259437,123	1259437,123	1259437,123	1259437,123	1259437,123		678158,451	1356316,901	1356316,901	1356316,901	1356316,901
4	41	60	05	01	16	ING. ACTIV. CULTURALES, FAMILIARES Y COMUNITARIAS												
4	41	60	05	01	17	ING. PRUEBAS ESTANDARIZADAS DE INGLES	4791235,082	4791235,082	4791235,082	4791235,082	4791235,082	4791235,082		2468247,594	4936495,189	4936495,189	4936495,189	4936495,189
4	41	60	05	01	18	ING. PROYECTO DE INFRAESTRUCTURA	5706062,057	5706062,057	5706062,057	5706062,057	5706062,057	5706062,057		3099926,016	6199852,032	6199852,032	6199852,032	6199852,032
4	41	60	05	01	20	ING. TERCER IDIOMA	9287683,397	9287683,397	9287683,397	9287683,397	9287683,397	9287683,397		5286953,091	10573906,181	10573906,181	10573906,181	10573906,181
4	41	60	05	02		INGRESOS POR PENSION	1614386795,000	1614386795,000	1614386795,000	1614386795,000	1614386795,000	1614386795,000			1805586567,864	1805586567,864	1805586567,864	1805586567,864
4	41	60	05	02	01	ING. PENSION	1614386795,000	1614386795,000	1614386795,000	1614386795,000	1614386795,000	1614386795,000			1805586567,864	1805586567,864	1805586567,864	1805586567,864
4	41	60	05	02	02	ING. CERTIFICADOS												
4	41	60	05	03		INGRESOS POR TRANSPORTE	256653175,041	280103175,041	263353175,041	260003175,041	256653175,041	256653175,041		165352681,008	286899422,016	283248927,016	279598432,016	279598432,016
4	41	60	05	03	01	ING. TRANSPORTE NORMAL	256653175,041	256653175,041	256653175,041	256653175,041	256653175,041	256653175,041		139799216,008	279598432,016	279598432,016	279598432,016	279598432,016
4	41	60	05	03	02	ING. TRANSPORTE PUERTA A PUERTA												
4	41	60	05	03	04	ING TRANS PUERTA PUERTA EXTRACURRICULARES		14000000,000	4000000,000	2000000,000				15255800,000	4358800,000	2179400,000		
4	41	60	05	03	05	ING TRANS PUERTA A PUERTA ENTRENAMIENTOS DEPORT DE PRIMARIA SEMESTRALES		7000000,000	2000000,000	1000000,000				7627900,000	2179400,000	1089700,000		
4	41	60	05	03	06	ING TRANS PUERTA A PUERTA ENTRENAMIENTOS DEPORT ESC MEDIA Y BACHILLERATO TRIMESTRAL		2450000,000	700000,000	350000,000				2669765,000	762790,000	381395,000		
4	41	60	05	04		INGRESOS POR CAFETERIA	215155752,200	215980752,200	215980752,200	215980752,200	214743252,200	210205752,200	3060750,000	115962310,480	223179620,960	223179620,960	224054120,960	218807120,960
4	41	60	05	04	01	ING. CAFETERIA	207730752,200	207730752,200	207730752,200	207730752,200	207730752,200	207730752,200		107217310,480	214434620,960	214434620,960	214434620,960	214434620,960
4	41	60	05	04	02	ING. CAFETERIA TIENDA	7425000,000	8250000,000	8250000,000	8250000,000	7012500,000	2475000,000	3060750,000	8745000,000	8745000,000	8745000,000	9619500,000	4372500,000
4	41	60	05	05		INGRESOS POR LEARNING CENTER												
4	41	60	05	05	01	ING. LEARNING CENTER												
4	41	60	05	50		MUSICALES		100280462,400	50140231,200	16713410,400				17559971,401	122919799,808	35119942,802		
4	41	60	05	50	01	ING. VIOLIN		30394284,480	15197142,240	5065714,080				5336245,726	37353720,083	10672491,452		
4	41	60	05	50	02	ING. GUITARRA		3763101,888	1881550,944	627183,648				691407,254	4839850,775	1382814,507		
4	41	60	05	50	03	ING. PIANO		27416885,184	13708442,592	4569480,864				4302089,578	30114627,044	8604179,155		
4	41	60	05	50	04	ING. BATERIA		15052407,552	7526203,776	2508734,592				2304690,845	16132835,916	4609381,690		
4	41	60	05	50	05	ING. CANTO		3914728,704	1957364,352	652454,784				1398573,077	9790011,539	2797146,154		
4	41	60	05	50	06	ING. BANDA		1350857,088	675428,544	225142,848				386084,962	2702594,735	772169,924		
4	41	60	05	50	07	ING. VIENTOS								89626,866	627388,063	179253,732		
4	41	60	05	50	12	ING. BAJO ELECTRICO		2150343,936	1075171,968	358390,656				230469,085	1613283,592	460938,169		
4	41	60	05	50	14	ING. GUITARRA ELECTRICA		6451031,808	3225515,904	1075171,968				921876,338	6453134,367	1843752,676		
4	41	60	05	50	15	ING. CANTO POR DOS PERSONAS		5238017,280	2619008,640	873002,880				1721623,760	12051366,317	3443247,519		
4	41	60	05	50	16	CANTO POR TRES PERSONAS		4548804,480	2274402,240	758134,080				177283,911	1240987,378	354567,822		
4	41	60	05	51		INGRESOS POR DEPORTES		107784817,164	53892408,582	17964136,194				14028481,135	98199367,945	28056962,270		
4	41	60	05	51	02	ING. TAEKWONDO												
4	41	60	05	51	03	ING. EQUITACION												
4	41	60	05	51	04	ING. GIMNASIA ARTISTICA												
4	41	60	05	51	05	ING.  FUTBOL												
4	41	60	05	51	07	ING. CICLOMONTAÑISMO		7333224,192	3666612,096	1222204,032				1069158,357	7484108,496	2138316,713		
4	41	60	05	51	11	ING. PATINAJE								86015,527	602108,691	172031,055		
4	41	60	05	51	12	FUTBOL MIXTO		10751719,680	5375859,840	1791953,280				827324,919	5791274,431	1654649,838		
4	41	60	05	51	13	ING TAEKWONDO K4 Y K5												
4	41	60	05	51	14	ING TAEKWONDO TR A 5		3969865,728	1984932,864	661644,288				567308,516	3971159,610	1134617,031		
4	41	60	05	51	15	ING EQUITACION K4 A 1 -COLEGIO		58965984,000	29482992,000	9827664,000				4596249,549	32173746,842	9192499,098		
4	41	60	05	51	16	ING EQUITACION K4 A 4 -PONY CLUB		2367692,308	1183846,154	394615,385				451136,000	3157952,000	902272,000		
4	41	60	05	51	18	ING GIMNASIA ARTISTICA K4 Y K5		7498635,264	3749317,632	1249772,544				2076191,582	14533341,073	4152383,164		
4	41	60	05	51	19	ING GIMNASIA ARTISTICA TR		5623976,448	2811988,224	937329,408				803687,064	5625809,448	1607374,128		
4	41	60	05	51	20	ING GIMNASIA ARTISTICA 1		1015169,912	507584,956	169194,985				1004341,433	7030390,034	2008682,867		
4	41	60	05	51	21	ING GIMNASIA ARTISTICA 2 A 5		416590,848	208295,424	69431,808				66973,922	468817,454	133947,844		
4	41	60	05	51	22	ING FUTBOL 2 A 3		9841958,784	4920979,392	1640326,464				1985579,805	13899058,636	3971159,610		
4	41	60	05	51	23	ING NATACION K4 A 7								494514,462	3461601,231	989028,923		
4	41	60	05	52		INGRESOS DANZAS		4139251,200	2069625,600	689875,200				1258047,081	8806329,569	2516094,163		
4	41	60	05	52	01	ING. BALLET												
4	41	60	05	52	03	ING. ROBOTICA Y ELECTRONICA		2756851,200	1378425,600	459475,200				689437,432	4826062,026	1378874,865		
4	41	60	05	52	09	ING. EXPERIMENTOS								63337,329	443361,303	126674,658		
4	41	60	05	52	10	ING INGENIERIA DE LAS COSAS TR A 5								72181,760	505272,320	144363,520		
4	41	60	05	52	11	ING CIENCIA NANOTECNOLOGIA TR A 5												
4	41	60	05	52	12	ING MINECRAGT EDU TR A 5		1382400,000	691200,000	230400,000				433090,560	3031633,920	866181,120		
4	41	60	05	52	13	ING ROBOTICA INTERMEDIA LEGO MINDSTORMS EV 3 TR A 8												
4	41	60	05	53		INGRESOS POR ACTIVIDADES		33130401,086	33130401,086	33130401,086	33130401,086					33449803,361	33449803,361	
4	41	60	05	53	01	ING. SALIDAS PEDAGOGICAS		6526596,667	6526596,667	6526596,667	6526596,667					6666666,667	6666666,667	
4	41	60	05	53	02	ING. OBRAS DE TEATRO		5000000,000	5000000,000	5000000,000	5000000,000					4333333,333	4333333,333	
4	41	60	05	53	03	ING. ANUARIO		9937137,753	9937137,753	9937137,753	9937137,753					10783136,694	10783136,694	
4	41	60	05	53	04	ING. TEXTOS ESCOLARES												
4	41	60	05	53	06	ING. CAFE CONCIERTO												
4	41	60	05	53	07	ING. PRESENTACIONES CLAUSURAS												
4	41	60	05	53	09	ING. EVENTO GRULAC												
4	41	60	05	53	12	ING. CORO UCB												
4	41	60	05	53	13	ING. MODELO DE NACIONES UNIDAS ONU		11666666,667	11666666,667	11666666,667	11666666,667					11666666,667	11666666,667	
4	41	60	05	53	15	ING. PLAN LECTOR												
4	41	60	05	53	16	ING. CONVIVENCIAS												
4	41	60	05	55		OTROS CONCEPTOS DE COBRO	2052257,914	1252031,798	1454704,118	2796299,080	3249244,522	2811616,487	1450151,759	2184314,609	3574920,251	6250193,558	5942657,094	1187670,342
4	41	60	05	55	01	ING. ADMISIONES	2052257,914	1252031,798	1454704,118	2796299,080	3249244,522	2811616,487	1450151,759	2184314,609	3574920,251	6250193,558	5942657,094	1187670,342
4	41	60	05	56		LEARNING CENTER		18822362,520	18822362,520	20390892,730	20390892,730				10255364,219	34184547,397	20510728,438	20510728,438
4	41	60	05	56	06	FONOAUDIOLOGIA 4 SESIONES												
4	41	60	05	56	07	FONOAUDIOLOGIA 6 SESIONES												
4	41	60	05	56	08	FONOAUDIOLOGIA 8 SESIONES												
4	41	60	05	56	09	FONOAUDIOLOGIA 12 SESIONES												
4	41	60	05	56	10	FONOAUDIOLOGIA 20 SESIONES												
4	41	60	05	56	11	TERAPIA OCUPACIONAL 4 SESIONES												
4	41	60	05	56	12	TERAPIA OCUPACIONAL 6 SESIONES												
4	41	60	05	56	13	TERAPIA OCUPACIONAL 8 SESIONES												
4	41	60	05	56	14	TERAPIA OCUPACIONAL 12 SESIONES												
4	41	60	05	56	15	TERAPIA OCUPACIONAL 20 SESIONES												
4	41	60	05	56	20	NIVELACION ACADEMICA 20 SESIONES												
4	41	60	05	80		PENSIONES ANTICIPADAS												
4	41	60	05	80	01	ING. PENSIONES ANTICIPADAS												
4	41	60	05	95		OTROS INGRESOS		6666666,667	6666666,667	6666666,667	6666666,667					7264666,667	7264666,667	
4	41	60	05	95	01	ING. EVENTOS CULTURALES												
4	41	60	05	95	03	ING. SEGUROS												
4	41	60	05	95	04	ING. OTROS INGRESOS EDUCATIVOS												
4	41	60	05	95	05	ING. UNIFORMES Y DOTACIONES												
4	41	60	05	95	06	ING. PRIMERA COMUNION		6666666,667	6666666,667	6666666,667	6666666,667					7264666,667	7264666,667	
4	41	60	05	95	08	ING. PRUEBA ICFES												
4	41	60	05	95	09	ING. EXAMENES MEDICOS												
4	41	60	05	95	10	PROG. CONSENTIDOS												
4	41	60	05	95	11	ING UNIFORMES DEPORTIVOS BALONCESTO												
4	41	60	05	95	12	ING UNIFORMES DEPORTIVOS VOLLEIBOL												
4	41	60	05	95	13	ING UNIFORMES DEPORTIVOS TRUSAS												
4	41	60	05	95	14	ING UNIFORMES DEPORTIVOS FUTBOL												
4	41	60	05	95	15	ING UNIFORMES DEPORTIVOS CICLOMONTAÑISMO												
4	41	60	05	95	16	CANDADO DE SEGURIDAD												
4	41	75				DEVOLUCIONES EN VENTAS (DB)	-143816044,677	-143816044,677	-143816044,677	-143816044,677	-143816044,677	-143816044,677	-87767724,956	-322734056,762	-156871483,145	-156871483,145	-156871483,145	-156871483,145
4	41	75	05			DEVOLUCIONES EN VENTAS (DB)												
4	41	75	05	01		DEV. MATRICULAS												
4	41	75	05	02		DEV. PENSION												
4	41	75	05	03		DEV. TRANSPORTE												
4	41	75	05	04		DEV. CAFETERIA												
4	41	75	05	10		DEV TRANS PUERTA A PUERTA ENTRENAMIENTOS DEPORT DE PRIMARIA SEMESTRALES												
4	41	75	05	19		DEV SISTEMATIZACION												
4	41	75	05	21		DEV MATERIALES												
4	41	75	05	22		DEV PROYECTO TECNOLOGICO												
4	41	75	05	24		DEV PROYECTO RESPONSABILIDAD SOCIAL												
4	41	75	05	28		DEV ESTRATEGIAS ESP. DE FORMACION												
4	41	75	05	31		DEV PROYECTO DE INFRAESTRUCTURA												
4	41	75	05	32		DEV TERCER IDIOMA												
4	41	75	05	33		DEV PROGRAMA CONSENTIDOS												
4	41	75	05	34		DEV CERTIFICADOS												
4	41	75	05	35		DEV TRANSPORTE NORMAL												
4	41	75	05	50		DEV. MUSICALES												
4	41	75	05	50	01	DEV. VIOLIN												
4	41	75	05	50	03	DEV. PIANO												
4	41	75	05	50	04	DEV. BATERIA												
4	41	75	05	50	11	DEV MUSICAL PREESCOLAR												
4	41	75	05	50	12	DEV MUSICALES PRIMARIA												
4	41	75	05	50	14	DEC DE BANDA												
4	41	75	05	51		DEV. DEPORTES												
4	41	75	05	51	10	DEV. FUTBOL MIXTO												
4	41	75	05	51	13	DEV. EQUITACION K4 A 1 -COLEGIO												
4	41	75	05	51	16	DEV. GIMNASIA ARTISTICA K4 Y K5												
4	41	75	05	53		DEV. POR ACTIVIDADES												
4	41	75	05	53	01	DEV. SALIDAS PEDAGOGICAS												
4	41	75	05	53	02	DEV. OBRAS DE TEATRO												
4	41	75	05	53	03	DEV. ANUARIO												
4	41	75	05	53	04	DEV. OTROS												
4	41	75	05	54		DEV. SEPARACIÓN DE CUPO												
4	41	75	05	55		DEV. PRUEBAS ESTANDARIZADAS DE INGLES												
4	41	75	05	56		BOLETA OBRA DE TEATRO												
4	41	75	05	57		DEV BIBLIOBANCO												
4	41	75	10			DESCUENTOS CONCEDIDOS	-143816044,677	-143816044,677	-143816044,677	-143816044,677	-143816044,677	-143816044,677	-87767724,956	-322734056,762	-156871483,145	-156871483,145	-156871483,145	-156871483,145
4	41	75	10	05		SEGUNDO HIJO												
4	41	75	10	10		DESCUENTO POR PRONTO PAGO	-3030660,984	-3030660,984	-3030660,984	-3030660,984	-3030660,984	-3030660,984		-216072,361	-432144,723	-432144,723	-432144,723	-432144,723
4	41	75	10	15		CONDONACIÓN												
4	41	75	10	16		DESC PAGOP ANTICIPADO MATRICULA								-167546478,741				
4	41	75	10	17		DESC PAGO ANTICIPADO SISTEMATIZACION												
4	41	75	10	19		DESC PAGO ANTICIPADO MATERIALES												
4	41	75	10	20		DESC PAGO ANTICIPADO PROYECTO TECNOLOGICO												
4	41	75	10	23		DESC PAGO ANTICIPADO PROYECTO RESPONSABILIDAD SOCIAL												
4	41	75	10	27		DESC PAGO ANTICIPADO ESTRATEGIAS ESP. DE FORMACION												
4	41	75	10	30		DESC PAGO ANTICIPADO PRUEBAS ESTANDARIZADAS DE INGLES												
4	41	75	10	31		DESC PAGO ANTICIPADO PROYECTO DE INFRAESTRUCTURA												
4	41	75	10	32		DESC PAGO ANTICIPADO TERCER IDIOMA												
4	41	75	10	33		DESC PAGO ANTICIPADO PENSION	-78751890,451	-78751890,451	-78751890,451	-78751890,451	-78751890,451	-78751890,451	-87767724,956	-87767724,956	-87767724,956	-87767724,956	-87767724,956	-87767724,956
4	41	75	10	34		DESC PAGO ANTICIPADO CERTIFICADOS												
4	41	75	10	35		DESC PAGO ANTICIPADO TRANSPORTE NORMAL												
4	41	75	10	37		DESC PAGO ANTICIPADO CAFETERIA												
4	41	75	10	38		DESC PAGO ANTICIPADO CAFETERIA TIENDA												
4	41	75	10	39		DESC PAGO ANTICIPADO LEARNING CENTER												
4	41	75	10	40		DESC PAGO ANTICIPADO ANUARIO												
4	41	75	10	41		DESC PAGO ANTICIPADO PLAN LECTOR												
4	41	75	10	45		PROG. CONSENTIDOS												
4	41	75	10	46		BECAS MATRICULAS								-56201613,621				
4	41	75	10	47		BECAS SISTEMATIZACION	-461699,080	-461699,080	-461699,080	-461699,080	-461699,080	-461699,080		-248083,813	-496167,626	-496167,626	-496167,626	-496167,626
4	41	75	10	49		BECAS MARIALES	-1020997,651	-1020997,651	-1020997,651	-1020997,651	-1020997,651	-1020997,651		-548610,559	-1097221,119	-1097221,119	-1097221,119	-1097221,119
4	41	75	10	50		BECAS PROYECTO TECNOLOGICO	-925033,316	-925033,316	-925033,316	-925033,316	-925033,316	-925033,316		-497975,020	-995950,040	-995950,040	-995950,040	-995950,040
4	41	75	10	52		BECA PROYECTO RESPONSABILIDAD								-4767167,160				
4	41	75	10	53		BECA DERECHOS DE GRADO												
4	41	75	10	60		BECA PROYECTO DE INFRAESTRUCTURA 												
4	41	75	10	61		BECA TERCER IDIOMA												
4	41	75	10	62		BECA PENSION	-50338084,651	-50338084,651	-50338084,651	-50338084,651	-50338084,651	-50338084,651			-56201613,621	-56201613,621	-56201613,621	-56201613,621
4	41	75	10	63		BECA CERTIFICADOS												
4	41	75	10	64		BECA TRANSPORTE NORMAL	-5133063,501	-5133063,501	-5133063,501	-5133063,501	-5133063,501	-5133063,501		-2795984,320	-5591968,640	-5591968,640	-5591968,640	-5591968,640
4	41	75	10	65		BECA TRANSPORTE PUERTA A PUERTA												
4	41	75	10	66		BECA CAFETERIA	-4154615,044	-4154615,044	-4154615,044	-4154615,044	-4154615,044	-4154615,044		-2144346,210	-4288692,419	-4288692,419	-4288692,419	-4288692,419
4	41	75	10	69		BECA ANUARIO												
4	41	75	10	72		BECA PROGRAMA CONSENTIDOS												
4	41	75	10	73		BECA BIBILIOBANCO												
4	41	75	10	75		BECA SEGURO ACCIDENTE												
4	41	75	10	76		BECA UNIFORME DEPORTIVO CICLOMONTAÑISMO												
4	41	75	10	77		BECA UNIFORME DEPORTIVO TRUSAS												
4	41	75	10	78		BECA VIOLIN												
4	41	75	10	79		BECA EQUITACION												
4	41	75	10	80		BECA FUTBOL												
4	41	75	10	81		BECA CICLOMONTAÑISMO												
4	41	75	10	82		BECA GIMNASIA ARTISTICA												
4	41	75	10	83		BECA BOLETAS MUSICAL UCB												
4	41	75	10	84		BECA SALIDAS PEDAGOGICAS												
4	42					NO OPERACIONALES	3299370,250	3299370,250	3299370,250	3299370,250	3299370,250	3299370,250	3299370,250	3299370,250	3299370,250	3299370,250	3299370,250	3299370,250
4	42	10				FINANCIEROS												
4	42	10	05			INTERESES												
4	42	10	05	01		INTERESES FINANCIEROS												
4	42	10	05	02		INTERESES DE MORA												
4	42	10	20			DIFERENCIA EN CAMBIO												
4	42	10	40			DESCUENTOS COMERCIALES CONDICIONADOS												
4	42	10	60			SANCIONES CHEQUES DEVUELTOS												
4	42	10	60	01		SANCIÓN CHEQUES DEVUELTOS												
4	42	20				ARRENDAMIENTOS	799370,250	799370,250	799370,250	799370,250	799370,250	799370,250	799370,250	799370,250	799370,250	799370,250	799370,250	799370,250
4	42	20	05			TERRENOS												
4	42	20	05	01		ARRIENDO LOTE DE COTA	799370,250	799370,250	799370,250	799370,250	799370,250	799370,250	799370,250	799370,250	799370,250	799370,250	799370,250	799370,250
4	42	25				COMISIONES												
4	42	25	95			OTRAS COMISIONES												
4	42	45				UTILIDAD EN VENTA DE PROPIEDADES PLANTA Y EQUIPO												
4	42	45	40			FLOTA Y EQUIPO DE TRANSPORTE												
4	42	45	40	01		VENTA DE BUSES												
4	42	50				RECUPERACIONES												
4	42	50	35			REINTEGRO PROVISIONES												
4	42	50	35	01		REINTEGRO DE PROVISIONES												
4	42	50	50			REINTEGRO DE OTROS COSTOS Y GASTOS												
4	42	55				INDEMNIZACIONES	2500000,000	2500000,000	2500000,000	2500000,000	2500000,000	2500000,000	2500000,000	2500000,000	2500000,000	2500000,000	2500000,000	2500000,000
4	42	55	40			POR INCAPACIDADES 	2500000,000	2500000,000	2500000,000	2500000,000	2500000,000	2500000,000	2500000,000	2500000,000	2500000,000	2500000,000	2500000,000	2500000,000
4	42	95				DIVERSOS												
4	42	95	05			APROVECHAMIENTOS												
4	42	95	10			DONACIONES												
4	42	95	67			UTILES, PAPELERIA Y FOTOCOPIAS												
4	42	95	81			AJUSTE AL PESO												
5						GASTOS	321576673,146	376379012,343	377815886,219	380723573,627	379588390,699	371672717,445	331252542,536	398455321,321	373765686,893	378784367,943	374682002,739	268058679,729
5	51					OPERACIONALES DE ADMINISTRACION	294906406,671	350618958,247	350064202,876	354123922,799	354140772,385	347377131,646	308108989,251	376463800,551	352926198,638	359096912,203	356146579,523	250675289,046
5	51	05				GASTOS DE PERSONAL	210834312,456	292362036,160	292127356,550	295351793,244	292415503,065	290872640,688	262528392,528	313476054,235	291751583,261	291906458,461	296246441,783	190687707,625
5	51	05	03			SALARIO INTEGRAL	6468600,000	10781000,000	10781000,000	10781000,000	10781000,000	10781000,000	10781000,000	10781000,000	10781000,000	10781000,000	10781000,000	5390500,000
5	51	05	06			SUELDOS	89184271,800	148640453,000	148640453,000	148640453,000	148640453,000	148640453,000	133776407,700	148640453,000	148640453,000	148640453,000	148640453,000	74320226,500
5	51	05	15			HORAS EXTRAS Y RECARGOS	184081,350	1861711,129	1627031,519	1127868,214	1915178,035	372315,657		377529,204	1251258,230	1406133,430	2022516,753	
5	51	05	15	01		H. DIURNA	184081,350	1861711,129	1627031,519	1127868,214	1915178,035	372315,657		377529,204	1251258,230	1406133,430	2022516,753	
5	51	05	15	02		H. E. NOCTURNA												
5	51	05	15	03		H. EXTRA FESTIVA DIURNA												
5	51	05	15	04		H. EXTRA FESTIVA NOCTURNA												
5	51	05	15	05		RECARGO NOCTURNO												
5	51	05	15	06		H. DIURNA FESTIVA												
5	51	05	21			VIATICOS												
5	51	05	21	01		VIATICOS												
5	51	05	24			INCAPACIDADES												
5	51	05	24	01		INCAPACIDAD ARL  												
5	51	05	24	02		INCAPACIDAD 100% EPS												
5	51	05	24	03		INCAPACIDAD 66.66%												
5	51	05	27			AUXILIO DE TRANSPORTE LEGAL	1147332,000	1912220,000	1912220,000	1912220,000	1912220,000	1912220,000	1720998,000	1912220,000	1912220,000	1912220,000	1912220,000	956110,000
5	51	05	30			CESANTIAS	15584571,235	15584571,235	15584571,235	15584571,235	15584571,235	15584571,235	14026114,111	15584571,235	15584571,235	15584571,235	15584571,235	15584571,235
5	51	05	33			INTERESES SOBRE CESANTIAS	1505526,730	1505526,730	1505526,730	1505526,730	1505526,730	1505526,730	1354974,057	1505526,730	1505526,730	1505526,730	1505526,730	1505526,730
5	51	05	36			PRIMA DE SERVICIOS	12546056,083	12546056,083	12546056,083	12546056,083	12546056,083	12546056,083	11291450,475	12546056,083	12546056,083	12546056,083	12546056,083	12546056,083
5	51	05	39			VACACIONES	6212609,784	6212609,784	6212609,784	6212609,784	6212609,784	6212609,784	5591348,806	6212609,784	6212609,784	6212609,784	6212609,784	6212609,784
5	51	05	40			PROVISION PRESTACIONES EXTRALEGALES	8013993,333	8013993,333	8013993,333	8013993,333	8013993,333	8013993,333	7212594,000	8013993,333	8013993,333	8013993,333	8013993,333	8013993,333
5	51	05	40	01		CESANTIAS	3055500,000	3055500,000	3055500,000	3055500,000	3055500,000	3055500,000	2749950,000	3055500,000	3055500,000	3055500,000	3055500,000	3055500,000
5	51	05	40	02		INT. DE CESANTIAS	366660,000	366660,000	366660,000	366660,000	366660,000	366660,000	329994,000	366660,000	366660,000	366660,000	366660,000	366660,000
5	51	05	40	03		VACACIONES	1536333,333	1536333,333	1536333,333	1536333,333	1536333,333	1536333,333	1382700,000	1536333,333	1536333,333	1536333,333	1536333,333	1536333,333
5	51	05	40	04		PRIMA	3055500,000	3055500,000	3055500,000	3055500,000	3055500,000	3055500,000	2749950,000	3055500,000	3055500,000	3055500,000	3055500,000	3055500,000
5	51	05	45			AUXILIOS	22618200,000	37697000,000	37697000,000	37697000,000	37697000,000	37697000,000	33927300,000	37697000,000	37697000,000	37697000,000	37697000,000	18848500,000
5	51	05	45	01		AUXILIO DE TRANSPORTE	10447200,000	17412000,000	17412000,000	17412000,000	17412000,000	17412000,000	15670800,000	17412000,000	17412000,000	17412000,000	17412000,000	8706000,000
5	51	05	45	02		AUXILIO DE VIVIENDA	618600,000	1031000,000	1031000,000	1031000,000	1031000,000	1031000,000	927900,000	1031000,000	1031000,000	1031000,000	1031000,000	515500,000
5	51	05	45	04		AUXILIO DE CAPACITACION       												
5	51	05	45	05		CONV. AHORRO PROTECCION ALCAPARROS	11552400,000	19254000,000	19254000,000	19254000,000	19254000,000	19254000,000	17328600,000	19254000,000	19254000,000	19254000,000	19254000,000	9627000,000
5	51	05	48			BONIFICACIONES								18874600,000				
5	51	05	51			DOTACION Y SUMINISTRO A TRABAJADORES				3723600,000				3723600,000			3723600,000	
5	51	05	60			INDEMNIZACIONES LABORALES												
5	51	05	63			CAPACITACION AL PERSONAL	178368,544	297280,906	297280,906	297280,906	297280,906	297280,906	267552,815	297280,906	297280,906	297280,906	297280,906	148640,453
5	51	05	66			GASTOS DEPORTIVOS Y DE RECREACION	178368,544	297280,906	297280,906	297280,906	297280,906	297280,906	267552,815	297280,906	297280,906	297280,906	297280,906	148640,453
5	51	05	68			APORTES ADMINISTRADORAS DE RIESGOS PROFESIONALES	937122,918	937122,918	937122,918	937122,918	937122,918	937122,918	843410,626	937122,918	937122,918	937122,918	937122,918	937122,918
5	51	05	69			APORTES A ENTIDADES PROMOTORAS DE SALUD E.P.S.	13275908,005	13275908,005	13275908,005	13275908,005	13275908,005	13275908,005	11948317,205	13275908,005	13275908,005	13275908,005	13275908,005	13275908,005
5	51	05	70			APORTES A FONDOS DE PENSIONES Y/O CESANTIAS	18742458,360	18742458,360	18742458,360	18742458,360	18742458,360	18742458,360	16868212,524	18742458,360	18742458,360	18742458,360	18742458,360	18742458,360
5	51	05	72			APORTES CAJAS DE COMPENSACION FAMILIAR	6247486,120	6247486,120	6247486,120	6247486,120	6247486,120	6247486,120	5622737,508	6247486,120	6247486,120	6247486,120	6247486,120	6247486,120
5	51	05	75			APORTE I.C.B.F.	4685614,590	4685614,590	4685614,590	4685614,590	4685614,590	4685614,590	4217053,131	4685614,590	4685614,590	4685614,590	4685614,590	4685614,590
5	51	05	78			SENA	3123743,060	3123743,060	3123743,060	3123743,060	3123743,060	3123743,060	2811368,754	3123743,060	3123743,060	3123743,060	3123743,060	3123743,060
5	51	10				HONORARIOS	29887750,000	29887750,000	29887750,000	31540900,000	34296150,000	29887750,000	31529331,250	31529331,250	31529331,250	37065581,250	31529331,250	31529331,250
5	51	10	10			REVISORIA FISCAL	4060000,000	4060000,000	4060000,000	4060000,000	4060000,000	4060000,000	4364500,000	4364500,000	4364500,000	4364500,000	4364500,000	4364500,000
5	51	10	15			AUDITORIA EXTERNA												
5	51	10	25			ASESORIA JURIDICA	8221500,000	8221500,000	8221500,000	8221500,000	8221500,000	8221500,000	8838112,500	8838112,500	8838112,500	8838112,500	8838112,500	8838112,500
5	51	10	35			ASESORIA TECNICA	1000000,000	1000000,000	1000000,000	1000000,000	1000000,000	1000000,000	1075000,000	1075000,000	1075000,000	1075000,000	1075000,000	1075000,000
5	51	10	40			ASESORIA NIIF												
5	51	10	45			ASESORIA CONTABLE	8606250,000	8606250,000	8606250,000	10259400,000	13014650,000	8606250,000	9251718,750	9251718,750	9251718,750	14787968,750	9251718,750	9251718,750
5	51	10	50			ASESORIA DE CALIDAD												
5	51	10	55			ASESORIA DE RRHH	8000000,000	8000000,000	8000000,000	8000000,000	8000000,000	8000000,000	8000000,000	8000000,000	8000000,000	8000000,000	8000000,000	8000000,000
5	51	15				IMPUESTOS	22365216,215	24093044,087	23372968,326	22955101,555	22811991,320	22340612,959	9530569,794	26937719,386	25124588,447	24534176,812	24050110,809	23752354,491
5	51	15	05			INDUSTRIA Y COMERCIO	12005064,286	13682567,075	12983464,395	12577768,500	12438826,524	11981177,630	-455757,482	16444387,754	14684066,453	14110851,274	13640884,281	13351800,477
5	51	15	40			DE VEHICULOS												
5	51	15	95			OTROS	10360151,929	10410477,012	10389503,932	10377333,055	10373164,796	10359435,329	9986327,276	10493331,633	10440521,994	10423325,538	10409226,528	10400554,014
5	51	15	95	01		IMPUESTO 4 X 1000	10000000,000	10000000,000	10000000,000	10000000,000	10000000,000	10000000,000	10000000,000	10000000,000	10000000,000	10000000,000	10000000,000	10000000,000
5	51	15	95	02		SOBRETASA BOMBERIL 3%												
5	51	15	95	03		SOBRETASA BOMBERIL 2%	240101,286	273651,342	259669,288	251555,370	248776,530	239623,553	-9115,150	328887,755	293681,329	282217,025	272817,686	267036,010
5	51	15	95	04		SOBRETASA C.M.G.R.D. 1%	120050,643	136825,671	129834,644	125777,685	124388,265	119811,776	-4557,575	164443,878	146840,665	141108,513	136408,843	133518,005
5	51	20				ARRENDAMIENTOS	4076128,000	4076128,000	4076128,000	4076128,000	4076128,000	4076128,000	4320695,680	4320695,680	4320695,680	4320695,680	4320695,680	4320695,680
5	51	20	10			CONSTRUCCIONES Y EDIFICACIONES	4076128,000	4076128,000	4076128,000	4076128,000	4076128,000	4076128,000	4320695,680	4320695,680	4320695,680	4320695,680	4320695,680	4320695,680
5	51	30				SEGUROS												
5	51	30	35			SUSTRACCION Y HURTO												
5	51	30	35	01		INCLUSION												
5	51	35				SERVICIOS			400000,000		341000,000					1070000,000		385200,000
5	51	35	20			PROCESAMIENTO ELECTRONICO DE DATOS			400000,000		341000,000					1070000,000		385200,000
5	51	35	25			ACUEDUCTO Y ALCANTARILLADO												
5	51	35	30			ENERGIA ELECTRICA												
5	51	35	35			TELEFONO												
5	51	35	40			CORREO, PORTES Y TELEGRAMAS												
5	51	35	50			TRANSPORTE, FLETES Y ACARREOS												
5	51	35	50	01		TRANSPORTE DE PASAJEROS												
5	51	35	55			GAS												
5	51	35	95			OTROS												
5	51	35	95	01		OTROS SERVICIOS												
5	51	40				GASTOS LEGALES	200000,000	200000,000	200000,000	200000,000	200000,000	200000,000	200000,000	200000,000	200000,000	200000,000		
5	51	40	05			NOTARIALES	100000,000	100000,000	100000,000	100000,000	100000,000	100000,000	100000,000	100000,000	100000,000	100000,000		
5	51	40	15			TRAMITES Y LICENCIAS	100000,000	100000,000	100000,000	100000,000	100000,000	100000,000	100000,000	100000,000	100000,000	100000,000		
5	51	45				MANTENIMIENTO Y REPARACIONES												
5	51	45	10			CONSTRUCCIONES Y EDIFICACIONES												
5	51	45	15			MAQUINARIA Y EQUIPO												
5	51	45	20			EQUIPO DE OFICINA												
5	51	45	25			EQUIPO DE COMPUTACION Y COMUNICACION												
5	51	45	40			FLOTA Y EQUIPO DE TRANSPORTE												
5	51	50				ADECUACION E INSTALACION												
5	51	50	05			INSTALACIONES ELECTRICAS												
5	51	50	95			OTRAS ADECUACIONES												
5	51	55				GASTOS DE VIAJE												
5	51	55	05			ALOJAMIENTO Y MANUTENCION												
5	51	55	15			PASAJES AEREOS												
5	51	65				AMORTIZACIONES	27543000,000											
5	51	65	15			CARGOS DIFERIDOS	27543000,000											
5	51	65	15	01		SEGUROS	27543000,000											
5	51	65	15	02		MANTENIMIENTO												
5	51	65	15	03		SOFTWARE												
5	51	95				DIVERSOS												
5	51	95	05			COMISIONES												
5	51	95	10			LIBROS, SUSCRIPCIONES, PERIODICOS Y REVISTAS												
5	51	95	20			GASTOS DE REPRESENTACION Y RELACIONES PUBLICAS												
5	51	95	20	01		GASTOS DE REPRESENTACION												
5	51	95	20	02		GASTOS REPRESENTACION OTROS												
5	51	95	25			ELEMENTOS DE ASEO Y CAFETERIA												
5	51	95	30			UTILES, PAPELERIA Y FOTOCOPIAS												
5	51	95	35			COMBUSTIBLES Y LUBRICANTES												
5	51	95	45			TAXIS Y BUSES												
5	51	95	65			PARQUEADEROS												
5	51	95	70			LUCRO CESANTE												
5	51	95	70	01		LUCRO CESANTE												
5	51	95	85			PEAJES												
5	51	95	95			OTROS												
5	51	95	95	01		GASTOS DIVERSOS												
5	51	95	95	02		AJUSTE AL PESO												
5	51	95	95	03		OTROS ND												
5	51	99				PROVISIONES												
5	51	99	10			DEUDORES												
5	53					NO OPERACIONALES	26670266,476	25760054,096	27751683,343	26599650,828	25447618,314	24295585,799	23143553,284	21991520,770	20839488,255	19687455,740	18535423,216	17383390,683
5	53	05				FINANCIEROS	26670266,476	25760054,096	27751683,343	26599650,828	25447618,314	24295585,799	23143553,284	21991520,770	20839488,255	19687455,740	18535423,216	17383390,683
5	53	05	05			GASTOS BANCARIOS	1590000,000	1590000,000	1590000,000	1590000,000	1590000,000	1590000,000	1590000,000	1590000,000	1590000,000	1590000,000	1590000,000	1590000,000
5	53	05	20			INTERESES	25080266,476	24170054,096	26161683,343	25009650,828	23857618,314	22705585,799	21553553,284	20401520,770	19249488,255	18097455,740	16945423,216	15793390,683
5	53	05	20	01		INTERESES BANCARIOS												
5	53	05	20	02		INTERESES DE MORA												
5	53	05	20	03		INTERESES DE SOBREGIRO												
5	53	05	20	04		INTERESES CREDITOS FINANCIEROS	23080266,476	22170054,096	24161683,343	23009650,828	21857618,314	20705585,799	19553553,284	18401520,770	17249488,255	16097455,740	14945423,216	13793390,683
5	53	05	20	05		INTERESES CORRIENTES	2000000,000	2000000,000	2000000,000	2000000,000	2000000,000	2000000,000	2000000,000	2000000,000	2000000,000	2000000,000	2000000,000	2000000,000
5	53	05	25			DIFERENCIA EN CAMBIO												
5	53	05	35			DESCUENTOS COMERCIALES CONDICIONADOS												
5	53	10				PERDIDA EN VENTA Y RETIRO DE BIENES												
5	53	10	30			RETIRO DE PROPIEDADES PLANTA Y EQUIPO												
5	53	10	95			OTROS												
5	53	10	95	01		PERDIDA POR ROBO												
5	53	10	95	05		EN CARTERA DE CLIENTES												
5	53	15				GASTOS EXTRAORDINARIOS												
5	53	15	15			COSTOS Y GASTOS DE EJERCICIOS ANTERIORES												
5	53	15	20			IMPUESTOS ASUMIDOS												
5	53	20				DESVALORIZACION PPYE												
5	53	20	40			FLOTA Y EQUIPO DE TRANSPORTE												
5	53	95				GASTOS DIVERSOS												
5	53	95	20			MULTAS, SANCIONES Y LITIGIOS												
5	53	95	95			OTROS												
5	53	95	95	01		AJUSTE AL PESO												
7						COSTO DE PRODUCCIÓN	1395932165,076	1835641344,329	1914791838,472	1883864968,804	1976192135,940	1753545554,116	772725697,067	2242276154,644	1874233046,821	1899864238,400	1859536221,439	1422450836,580
7	72					MANO DE OBRA DIRECTA	644449927,905	974495232,222	973216311,452	984653136,990	979764559,216	969953184,993	222345671,566	1524673707,067	972772282,920	973457910,983	992742528,229	642973388,392
7	72	05				MANO DE OBRA DIRECTA	644449927,905	974495232,222	973216311,452	984653136,990	979764559,216	969953184,993	222345671,566	1524673707,067	972772282,920	973457910,983	992742528,229	642973388,392
7	72	05	03			SALARIO INTEGRAL												
7	72	05	06			SUELDOS	262093302,000	524186604,000	524186604,000	524186604,000	524186604,000	524186604,000	52418660,400	524186604,000	524186604,000	524186604,000	524186604,000	262093302,000
7	72	05	15			HORAS EXTRAS Y RECARGOS	1476539,514	8320105,227	7041184,457	6151609,995	13589432,220	3778057,997	773971,557	10464330,072	6597155,924	7282783,987	14241001,234	
7	72	05	15	01		H. DIURNA	1476539,514	8320105,227	7041184,457	6151609,995	13589432,220	3778057,997	773971,557	10464330,072	6597155,924	7282783,987	14241001,234	
7	72	05	15	02		H. E. NOCTURNA												
7	72	05	15	03		H. EXTRA FESTIVA DIURNA												
7	72	05	15	04		H. E. FESTIVA NOCTURNA												
7	72	05	15	05		RECARGO NOCTURNO												
7	72	05	15	06		H. DIURNA FESTIVA												
7	72	05	21			VIATICOS												
7	72	05	24			INCAPACIDADES												
7	72	05	24	01		INCAPACIDAD ARL												
7	72	05	24	02		INCAPACIDAD 100% EPS												
7	72	05	24	03		INCAPACIDAD 66.66%												
7	72	05	27			AUXILIO DE TRANSPORTE LEGAL	3117750,000	6235500,000	6235500,000	6235500,000	6235500,000	6235500,000	623550,000	6235500,000	6235500,000	6235500,000	6235500,000	3117750,000
7	72	05	30			CESANTIAS	47600930,636	47600930,636	47600930,636	47600930,636	47600930,636	47600930,636	4760093,064	47600930,636	47600930,636	47600930,636	47600930,636	47600930,636
7	72	05	33			INTERESES SOBRE CESANTIAS	5304221,040	5304221,040	5304221,040	5304221,040	5304221,040	5304221,040	530422,104	5304221,040	5304221,040	5304221,040	5304221,040	5304221,040
7	72	05	36			PRIMA DE SERVICIOS	44201842,000	44201842,000	44201842,000	44201842,000	44201842,000	44201842,000	4420184,200	44201842,000	44201842,000	44201842,000	44201842,000	44201842,000
7	72	05	39			VACACIONES	23539078,197	23539078,197	23539078,197	23539078,197	23539078,197	23539078,197	2353907,820	23539078,197	23539078,197	23539078,197	23539078,197	23539078,197
7	72	05	40			PROVISION PRESTACIONES EXTRALEGALES	23661678,030	23661678,030	23661678,030	23661678,030	23661678,030	23661678,030	2366167,803	23661678,030	23661678,030	23661678,030	23661678,030	23661678,030
7	72	05	40	01		CESANTIAS	8887500,000	8887500,000	8887500,000	8887500,000	8887500,000	8887500,000	888750,000	8887500,000	8887500,000	8887500,000	8887500,000	8887500,000
7	72	05	40	02		INT. CESANTIAS	1066500,000	1066500,000	1066500,000	1066500,000	1066500,000	1066500,000	106650,000	1066500,000	1066500,000	1066500,000	1066500,000	1066500,000
7	72	05	40	03		VACACIONES	4820178,030	4820178,030	4820178,030	4820178,030	4820178,030	4820178,030	482017,803	4820178,030	4820178,030	4820178,030	4820178,030	4820178,030
7	72	05	40	04		PRIMA	8887500,000	8887500,000	8887500,000	8887500,000	8887500,000	8887500,000	888750,000	8887500,000	8887500,000	8887500,000	8887500,000	8887500,000
7	72	05	45			AUXILIOS	57466500,000	114933000,000	114933000,000	114933000,000	114933000,000	114933000,000	11493300,000	114933000,000	114933000,000	114933000,000	114933000,000	57466500,000
7	72	05	45	01		AUXILIO DE TRANSPORTE	26792500,000	53585000,000	53585000,000	53585000,000	53585000,000	53585000,000	5358500,000	53585000,000	53585000,000	53585000,000	53585000,000	26792500,000
7	72	05	45	02		AUXILIO DE VIVIENDA	4141500,000	8283000,000	8283000,000	8283000,000	8283000,000	8283000,000	828300,000	8283000,000	8283000,000	8283000,000	8283000,000	4141500,000
7	72	05	45	04		AUXILIO DE CAPACITACION       												
7	72	05	45	05		CONV. AHORRO PROTECCION ALCAPARROS	26532500,000	53065000,000	53065000,000	53065000,000	53065000,000	53065000,000	5306500,000	53065000,000	53065000,000	53065000,000	53065000,000	26532500,000
7	72	05	48			BONIFICACIONES								535707850,000				
7	72	05	51			DOTACION Y SUMINISTRO A TRABAJADORES				12326400,000			12326400,000	12326400,000			12326400,000	
7	72	05	60			INDEMNIZACIONES LABORALES												
7	72	05	63			CAPACITACION AL PERSONAL	17683732,080	17683732,080	17683732,080	17683732,080	17683732,080	17683732,080	17683732,080	17683732,080	17683732,080	17683732,080	17683732,080	17683732,080
7	72	05	66			GASTOS DEPORTIVOS Y DE RECREACION	524186,604	1048373,208	1048373,208	1048373,208	1048373,208	1048373,208	104837,321	1048373,208	1048373,208	1048373,208	1048373,208	524186,604
7	72	05	68			APORTES ADMINISTRADORAS DE RIESGOS PROFESIONALES	3145119,624	3145119,624	3145119,624	3145119,624	3145119,624	3145119,624	314511,962	3145119,624	3145119,624	3145119,624	3145119,624	3145119,624
7	72	05	69			APORTES A ENTIDADES PROMOTORAS DE SALUD	44555861,340	44555861,340	44555861,340	44555861,340	44555861,340	44555861,340	44555861,340	44555861,340	44555861,340	44555861,340	44555861,340	44555861,340
7	72	05	70			APORTES A FONDOS DE PENSION Y/O CESANTIAS	62902392,480	62902392,480	62902392,480	62902392,480	62902392,480	62902392,480	62902392,480	62902392,480	62902392,480	62902392,480	62902392,480	62902392,480
7	72	05	72			APORTES A CAJAS DE COMPENSACION FAMILIAR	20967464,160	20967464,160	20967464,160	20967464,160	20967464,160	20967464,160	2096746,416	20967464,160	20967464,160	20967464,160	20967464,160	20967464,160
7	72	05	75			APORTES AL I.C.B.F.	15725598,120	15725598,120	15725598,120	15725598,120	15725598,120	15725598,120	1572559,812	15725598,120	15725598,120	15725598,120	15725598,120	15725598,120
7	72	05	78			APORTES AL SENA	10483732,080	10483732,080	10483732,080	10483732,080	10483732,080	10483732,080	1048373,208	10483732,080	10483732,080	10483732,080	10483732,080	10483732,080
7	72	05	84			GASTOS MEDICOS Y DROGAS												
7	72	05	95			OTROS												
7	72	05	95	05		CALAMIDAD DOMESTICA												
7	73					COSTOS INDIRECTOS	751482237,171	861146112,107	941575527,020	899211831,814	996427576,724	783592369,123	550380025,501	717602447,577	901460763,902	926406327,417	866793693,209	779477448,188
7	73	10				HONORARIOS	7500000,000	7500000,000	7500000,000	7500000,000	7500000,000	7500000,000	8062500,000	8062500,000	8062500,000	8062500,000	8062500,000	8062500,000
7	73	10	25			ASESORIA JURIDICA												
7	73	10	35			ASESORIA TECNICA	7500000,000	7500000,000	7500000,000	7500000,000	7500000,000	7500000,000	8062500,000	8062500,000	8062500,000	8062500,000	8062500,000	8062500,000
7	73	10	35	01		ASESORIA CALIDAD	2500000,000	2500000,000	2500000,000	2500000,000	2500000,000	2500000,000	2687500,000	2687500,000	2687500,000	2687500,000	2687500,000	2687500,000
7	73	10	35	02		ACADEMICOS	2500000,000	2500000,000	2500000,000	2500000,000	2500000,000	2500000,000	2687500,000	2687500,000	2687500,000	2687500,000	2687500,000	2687500,000
7	73	10	35	03		ASESORIA SISTEMAS	2500000,000	2500000,000	2500000,000	2500000,000	2500000,000	2500000,000	2687500,000	2687500,000	2687500,000	2687500,000	2687500,000	2687500,000
7	73	15				IMPUESTOS			17147280,000				1162311,200	26152002,000				
7	73	15	15			A LA PROPIEDAD RAIZ			15502500,000									
7	73	15	40			DE VEHICULOS			1644780,000				1162311,200	26152002,000				
7	73	20				COSTOS INDIRECTOS	19111733,333	19111733,333	19111733,333	19111733,333	19111733,333	19111733,333	20545113,333	20545113,333	20545113,333	20545113,333	20545113,333	20545113,333
7	73	20	05			ARRENDAMIENTO TERRENOS	14000000,000	14000000,000	14000000,000	14000000,000	14000000,000	14000000,000	15050000,000	15050000,000	15050000,000	15050000,000	15050000,000	15050000,000
7	73	20	05	01		LOTE CUARTELES	14000000,000	14000000,000	14000000,000	14000000,000	14000000,000	14000000,000	15050000,000	15050000,000	15050000,000	15050000,000	15050000,000	15050000,000
7	73	20	10			CONSTRUCCIONES Y EDIFICACIONES	4033333,333	4033333,333	4033333,333	4033333,333	4033333,333	4033333,333	4335833,333	4335833,333	4335833,333	4335833,333	4335833,333	4335833,333
7	73	20	15			MAQUINARIA Y EQUIPO												
7	73	20	25			EQUIPO DE COMPUTACION Y COMUNICACION	1078400,000	1078400,000	1078400,000	1078400,000	1078400,000	1078400,000	1159280,000	1159280,000	1159280,000	1159280,000	1159280,000	1159280,000
7	73	25				COSTOS INDIRECTOS		4831530,000							5193894,750			
7	73	25	10			AFILIACIONES Y SOSTENIMIENTO		4831530,000							5193894,750			
7	73	35				SERVICIOS	295085149,333	300585149,833	295085149,333	300585149,333	295085149,333	300585149,333	188754035,540	245815035,540	300554036,040	306466535,540	300554035,540	306466535,540
7	73	35	05			ASEO Y VIGILANCIA	37650000,000	43150000,500	37650000,000	43150000,000	37650000,000	43150000,000	45311250,006	46386250,006	40473750,506	46386250,006	40473750,006	46386250,006
7	73	35	05	01		ASEO	19525000,000	25025000,500	19525000,000	25025000,000	19525000,000	25025000,000	25826875,000	26901875,000	20989375,500	26901875,000	20989375,000	26901875,000
7	73	35	05	02		VIGILANCIA	18125000,000	18125000,000	18125000,000	18125000,000	18125000,000	18125000,000	19484375,006	19484375,006	19484375,006	19484375,006	19484375,006	19484375,006
7	73	35	25			ACUEDUCTO Y ALCANTARILLADO												
7	73	35	30			ENERGIA ELECTRICA	8500000,000	8500000,000	8500000,000	8500000,000	8500000,000	8500000,000	9137500,000	9137500,000	9137500,000	9137500,000	9137500,000	9137500,000
7	73	35	35			TELEFONO	2000000,000	2000000,000	2000000,000	2000000,000	2000000,000	2000000,000	2150000,000	2150000,000	2150000,000	2150000,000	2150000,000	2150000,000
7	73	35	40			CORREO, PORTES Y TELEGRAMAS	166666,667	166666,667	166666,667	166666,667	166666,667	166666,667	179166,667	179166,667	179166,667	179166,667	179166,667	179166,667
7	73	35	45			SERVICIO INTERNET	12294000,000	12294000,000	12294000,000	12294000,000	12294000,000	12294000,000	13216050,000	13216050,000	13216050,000	13216050,000	13216050,000	13216050,000
7	73	35	50			TRANSPORTE, FLETES Y ACARREOS	137993270,667	137993270,667	137993270,667	137993270,667	137993270,667	137993270,667	15042765,967	71028765,967	131680265,967	131680265,967	131680265,967	131680265,967
7	73	35	50	01		TRANSPORTE, FLETES Y ACARREOS	124416666,667	124416666,667	124416666,667	124416666,667	124416666,667	124416666,667	447916,667	56433916,667	117085416,667	117085416,667	117085416,667	117085416,667
7	73	35	50	02		TRANSPORTE ALIMENTOS	8926604,000	8926604,000	8926604,000	8926604,000	8926604,000	8926604,000	9596099,300	9596099,300	9596099,300	9596099,300	9596099,300	9596099,300
7	73	35	50	03		RODAMIENTO DE BUSES Y BUSETAS	770000,000	770000,000	770000,000	770000,000	770000,000	770000,000	827750,000	827750,000	827750,000	827750,000	827750,000	827750,000
7	73	35	50	04		SISTEMA DE MONITOREO	880000,000	880000,000	880000,000	880000,000	880000,000	880000,000	946000,000	946000,000	946000,000	946000,000	946000,000	946000,000
7	73	35	50	05		RELEVOS TRANSPORTE	3000000,000	3000000,000	3000000,000	3000000,000	3000000,000	3000000,000	3225000,000	3225000,000	3225000,000	3225000,000	3225000,000	3225000,000
7	73	35	55			GAS	4491666,667	4491666,667	4491666,667	4491666,667	4491666,667	4491666,667	4828541,667	4828541,667	4828541,667	4828541,667	4828541,667	4828541,667
7	73	35	60			PUBLICIDAD PROPAGANDA Y PROMOCION	3333333,333	3333333,333	3333333,333	3333333,333	3333333,333	3333333,333	3583333,333	3583333,333	3583333,333	3583333,333	3583333,333	3583333,333
7	73	35	60	01		PUBLICIDAD ADMISIONES	3333333,333	3333333,333	3333333,333	3333333,333	3333333,333	3333333,333	3583333,333	3583333,333	3583333,333	3583333,333	3583333,333	3583333,333
7	73	35	60	02		PUBLICIDAD - VIDEO INSTITUCIONAL												
7	73	35	95			OTROS	88656212,000	88656212,000	88656212,000	88656212,000	88656212,000	88656212,000	95305427,900	95305427,900	95305427,900	95305427,900	95305427,900	95305427,900
7	73	35	95	01		OTROS SERVICIOS	88656212,000	88656212,000	88656212,000	88656212,000	88656212,000	88656212,000	95305427,900	95305427,900	95305427,900	95305427,900	95305427,900	95305427,900
7	73	40				COSTOS INDIRECTOS												
7	73	40	05			GASTOS LEGALES												
7	73	45				MANTENIMIENTO Y REPARACIONES	54583333,333	54583333,333	54583333,333	54583333,333	54583333,333	54583333,333	58677083,333	58677083,333	58677083,333	58677083,333	58677083,333	58677083,333
7	73	45	10			CONSTRUCCIONES Y EDIFICACIONES	20833333,333	20833333,333	20833333,333	20833333,333	20833333,333	20833333,333	22395833,333	22395833,333	22395833,333	22395833,333	22395833,333	22395833,333
7	73	45	15			MAQUINARIA Y EQUIPO	8333333,333	8333333,333	8333333,333	8333333,333	8333333,333	8333333,333	8958333,333	8958333,333	8958333,333	8958333,333	8958333,333	8958333,333
7	73	45	20			EQUIPO DE OFICINA	416666,667	416666,667	416666,667	416666,667	416666,667	416666,667	447916,667	447916,667	447916,667	447916,667	447916,667	447916,667
7	73	45	25			EQUIPO DE COMPUTACION Y COMUNICACION	12500000,000	12500000,000	12500000,000	12500000,000	12500000,000	12500000,000	13437500,000	13437500,000	13437500,000	13437500,000	13437500,000	13437500,000
7	73	45	40			FLOTA Y EQUIPO DE TRANSPORTE	12500000,000	12500000,000	12500000,000	12500000,000	12500000,000	12500000,000	13437500,000	13437500,000	13437500,000	13437500,000	13437500,000	13437500,000
7	73	50				ADECUACION E INSTALACION												
7	73	50	05			INSTALACIONES ELECTRICAS												
7	73	50	10			ARREGLOS ORNAMENTALES												
7	73	50	15			REPARACIONES LOCATIVAS												
7	73	55				GASTOS DE VIAJE	8333333,333	8333333,333	8333333,333	8333333,333	8333333,333	8333333,333	8958333,333	8958333,333	8958333,333	8958333,333	8958333,333	8958333,333
7	73	55	05			ALOJAMIENTO Y MANUTENCION	8333333,333	8333333,333	8333333,333	8333333,333	8333333,333	8333333,333	8958333,333	8958333,333	8958333,333	8958333,333	8958333,333	8958333,333
7	73	55	15			PASAJES AEREOS												
7	73	60				DEPRECIACIONES	112667821,733	112667821,733	112667821,733	112667821,733	112667821,733	112667821,733	118301212,819	118301212,819	118301212,819	118301212,819	118301212,819	118301212,819
7	73	60	05			CONSTRUCCIONES Y EDIFICACIONES												
7	73	60	10			MAQUINARIA Y EQUIPO	2412144,367	2412144,367	2412144,367	2412144,367	2412144,367	2412144,367	2532751,585	2532751,585	2532751,585	2532751,585	2532751,585	2532751,585
7	73	60	15			EQUIPO DE OFICINA												
7	73	60	16			CONSTRUCCIONES Y EDIFICACIONES	79424130,876	79424130,876	79424130,876	79424130,876	79424130,876	79424130,876	83395337,420	83395337,420	83395337,420	83395337,420	83395337,420	83395337,420
7	73	60	20			EQUIPO DE COMPUTACION Y COMUNICACION												
7	73	60	25			EQUIPO MEDICO - CIENTIFICO												
7	73	60	24			EQUIPO DE OFICINA	10849854,737	10849854,737	10849854,737	10849854,737	10849854,737	10849854,737	11392347,474	11392347,474	11392347,474	11392347,474	11392347,474	11392347,474
7	73	60	28			EQUIPO DE COMPUTACION Y COMUNICACION	12962849,420	12962849,420	12962849,420	12962849,420	12962849,420	12962849,420	13610991,891	13610991,891	13610991,891	13610991,891	13610991,891	13610991,891
7	73	60	30			EQUIPO DE HOTELES Y RESTAURANT												
7	73	60	32			EQUIPO MEDICO - CIENTIFICO	1683887,500	1683887,500	1683887,500	1683887,500	1683887,500	1683887,500	1768081,875	1768081,875	1768081,875	1768081,875	1768081,875	1768081,875
7	73	60	35			FLOTA Y EQUIPO DE TRANSPORTE	957373,000	957373,000	957373,000	957373,000	957373,000	957373,000	1005241,650	1005241,650	1005241,650	1005241,650	1005241,650	1005241,650
7	73	60	36			EQUIPO DE HOTELES Y RESTAURANT	2188790,917	2188790,917	2188790,917	2188790,917	2188790,917	2188790,917	2298230,463	2298230,463	2298230,463	2298230,463	2298230,463	2298230,463
7	73	60	40			SEMOVIENTES	2188790,917	2188790,917	2188790,917	2188790,917	2188790,917	2188790,917	2298230,463	2298230,463	2298230,463	2298230,463	2298230,463	2298230,463
7	73	60	84			SEMOVIENTES												
7	73	65				AMORTIZACIONES	48188005,198	53027910,393	72240325,222	49275555,079	49385936,062	55177492,917	49457154,083	51055439,898	56252878,734	51239079,549	51576735,288	51721584,964
7	73	65	15			CARGOS DIFERIDOS	48188005,198	53027910,393	72240325,222	49275555,079	49385936,062	55177492,917	49457154,083	51055439,898	56252878,734	51239079,549	51576735,288	51721584,964
7	73	65	15	01		SEGUROS	11345087,984	11352514,580	34849714,580	11352514,580	11352514,580	17140811,583	11420472,750	11945288,907	11955572,414	11962007,806	12139695,845	12139695,845
7	73	65	15	02		MANTENIMIENTO	7606140,810	7606140,810	7606140,810	8138570,667	8138570,667	8138570,667	8138570,667	8138570,667	8138570,667	8138570,667	8138570,667	8138570,667
7	73	65	15	03		SOFTWARE												
7	73	65	15	04		LICENCIAS	29236776,404	29237725,002	29784469,832	29784469,832	29894850,815	29898110,667	29898110,667	30971580,325	30988998,553	31138501,077	31298468,777	31443318,452
7	73	65	15	05		UTILES Y PAPELERIA												
7	73	65	15	06		PUBLICIDAD												
7	73	65	15	07		OTROS DIFEREIDOS												
7	73	65	15	08		IMPLEMENTOS DEPORTIVOS												
7	73	65	15	09		MATERIAL DIDACTICO												
7	73	65	15	10		IMPLEMENTOS DE COCINA												
7	73	65	15	11		REMODELACIONES												
7	73	65	15	12		GASTOS DE REPRESENTACIÓN CC												
7	73	65	15	13		GASTOS DE REPRESENTACIÓN RC												
7	73	65	15	14		CUOTA SOSTENIMIENTO UCB		4831530,000							5169737,100			
7	73	70				COSTOS RELATIVOS A LA EDUCACION	77711636,955	137368529,373	173768529,373	174568529,373	252992523,134	106633780,750	38071314,306	46886314,306	117352022,087	199178233,224	117352022,087	126317399,284
7	73	70	01			MUSICALES		33720310,584	33720310,584	33720310,584	33720310,584				42754674,437	42754674,437	42754674,437	14251558,146
7	73	70	01	01		VIOLIN		12664285,200	12664285,200	12664285,200	12664285,200				16008737,178	16008737,178	16008737,178	5336245,726
7	73	70	01	02		GUITARRA		2553533,424	2553533,424	2553533,424	2553533,424				2903910,465	2903910,465	2903910,465	967970,155
7	73	70	01	03		PIANO		7996591,512	7996591,512	7996591,512	7996591,512				9034388,113	9034388,113	9034388,113	3011462,704
7	73	70	01	04		BATERIA		5331061,008	5331061,008	5331061,008	5331061,008				5876961,655	5876961,655	5876961,655	1958987,218
7	73	70	01	05		CORO		4281734,520	4281734,520	4281734,520	4281734,520				7419331,682	7419331,682	7419331,682	2473110,561
7	73	70	01	06		VIOLONCHELO												
7	73	70	01	07		BANDA		534714,264	534714,264	534714,264	534714,264				1100342,142	1100342,142	1100342,142	366780,714
7	73	70	01	08		VIENTOS									134440,299	134440,299	134440,299	44813,433
7	73	70	01	11		FLAUTA TRAVERSA												
7	73	70	01	12		BAJO ELECTRICO		358390,656	358390,656	358390,656	358390,656				276562,901	276562,901	276562,901	92187,634
7	73	70	01	13		COMPOSICION EN PIANO												
7	73	70	01	14		CURSO DE COCINA												
7	73	70	02			DEPORTES		25964438,039	25964438,039	25964438,039	25964438,039				27711033,344	27711033,344	27711033,344	9237011,115
7	73	70	02	01		GOLF												
7	73	70	02	02		TAEKWONDO		827055,360	827055,360	827055,360	827055,360				850962,774	850962,774	850962,774	283654,258
7	73	70	02	03		EQUITACION		12777849,231	12777849,231	12777849,231	12777849,231				7571078,323	7571078,323	7571078,323	2523692,774
7	73	70	02	04		VOLEIBOL Y BALONCESTO												
7	73	70	02	05		FUTBOL		4290349,680	4290349,680	4290349,680	4290349,680				4219357,086	4219357,086	4219357,086	1406452,362
7	73	70	02	06		VOLEIBOL Y BALONCESTO												
7	73	70	02	07		CICLOMONTAÑISMO		2444408,064	2444408,064	2444408,064	2444408,064				2565980,056	2565980,056	2565980,056	855326,685
7	73	70	02	08		AJEDREZ												
7	73	70	02	09		GIMNASIA		4245025,304	4245025,304	4245025,304	4245025,304				8297507,403	8297507,403	8297507,403	2765835,801
7	73	70	02	10		AEROMODELISMO												
7	73	70	02	11		ROBOTICA Y ELECTRONICA		918950,400	918950,400	918950,400	918950,400				1654649,838	1654649,838	1654649,838	551549,946
7	73	70	02	12		CAPOEIRA												
7	73	70	02	13		DISEÑO DE MODAS												
7	73	70	02	14		CULINARIA												
7	73	70	02	15		TENIS									1186834,708	1186834,708	1186834,708	395611,569
7	73	70	02	16		MODELISMO NAVAL												
7	73	70	02	17		BRICKS - LEGO												
7	73	70	02	18		EXPERIMENTOS		460800,000	460800,000	460800,000	460800,000				1364663,157	1364663,157	1364663,157	454887,719
7	73	70	03			DANZAS	24077856,205				78423993,761					81826211,138		55942515,718
7	73	70	03	01		BALLET												
7	73	70	03	02		TEATRO					53616505,550					55942515,718		55942515,718
7	73	70	03	03		MUSICA	24077856,205				24807488,211					25883695,420		
7	73	70	03	10		COSTOS OBRAS DE TEATRO												
7	73	70	03	10	01	EL PRINCIPITO												
7	73	70	03	10	02	EN LA TIERRA PROMETIDA												
7	73	70	04			IDIOMAS	8200000,000	8200000,000	8200000,000	8200000,000	8200000,000	8200000,000		8815000,000	8815000,000	8815000,000	8815000,000	8815000,000
7	73	70	04	01		PORTUGUES	8200000,000	8200000,000	8200000,000	8200000,000	8200000,000	8200000,000		8815000,000	8815000,000	8815000,000	8815000,000	8815000,000
7	73	70	04	02		PATINAJE 												
7	73	70	50			ACTIVIDADES	45433780,750	58233780,750	94633780,750	95433780,750	95433780,750	55433780,750	38071314,306	38071314,306	38071314,306	38071314,306	38071314,306	38071314,306
7	73	70	50	01		EVENTOS CULTURALES	15892307,667	15892307,667	15892307,667	15892307,667	15892307,667	15892307,667	17084230,742	17084230,742	17084230,742	17084230,742	17084230,742	17084230,742
7	73	70	50	02		DIA DE LA PALABRA	83333,333	83333,333	83333,333	83333,333	83333,333	83333,333	89583,333	89583,333	89583,333	89583,333	89583,333	89583,333
7	73	70	50	03		EVENTOS DEPORTIVOS	1385179,583	1385179,583	1385179,583	1385179,583	1385179,583	1385179,583	1489068,052	1489068,052	1489068,052	1489068,052	1489068,052	1489068,052
7	73	70	50	04		SALIDAS PEDAGOGICAS	2916666,667	2916666,667	2916666,667	2916666,667	2916666,667	2916666,667	3135416,667	3135416,667	3135416,667	3135416,667	3135416,667	3135416,667
7	73	70	50	05		COSTOS EVENTOS CULTURALES	197960,167	197960,167	197960,167	197960,167	197960,167	197960,167	212807,179	212807,179	212807,179	212807,179	212807,179	212807,179
7	73	70	50	06		AYUDA A LA COMUNIDAD	1000000,000	1000000,000	1000000,000	1000000,000	1000000,000	1000000,000	1075000,000	1075000,000	1075000,000	1075000,000	1075000,000	1075000,000
7	73	70	50	07		TALLERES-CONFERENCIAS	1000000,000	1000000,000	1000000,000	1000000,000	1000000,000	1000000,000	1075000,000	1075000,000	1075000,000	1075000,000	1075000,000	1075000,000
7	73	70	50	08		FESTIVAL SUZUKI	83333,333	83333,333	83333,333	83333,333	83333,333	83333,333	89583,333	89583,333	89583,333	89583,333	89583,333	89583,333
7	73	70	50	09		PRESENTACION PREESCOLAR	500000,000	500000,000	500000,000	500000,000	500000,000	500000,000	537500,000	537500,000	537500,000	537500,000	537500,000	537500,000
7	73	70	50	10		PRESENTACION PRIMARIA	166666,667	166666,667	166666,667	166666,667	166666,667	166666,667	179166,667	179166,667	179166,667	179166,667	179166,667	179166,667
7	73	70	50	11		PRESENTACION ESCUELA MEDIA - BTO	166666,667	166666,667	166666,667	166666,667	166666,667	166666,667	179166,667	179166,667	179166,667	179166,667	179166,667	179166,667
7	73	70	50	12		ADMISIONES	83333,333	83333,333	83333,333	83333,333	83333,333	83333,333	89583,333	89583,333	89583,333	89583,333	89583,333	89583,333
7	73	70	50	13		20 AÑOS ALCAPARROS	10000000,000	10000000,000	40000000,000	60000000,000	60000000,000	20000000,000						
7	73	70	50	14		EXCURSIONES												
7	73	70	50	15		UNIFORMES Y OTROS	1000000,000	1000000,000	1000000,000	1000000,000	1000000,000	1000000,000	1075000,000	1075000,000	1075000,000	1075000,000	1075000,000	1075000,000
7	73	70	50	16		PRIMERA COMUNION		12800000,000	19200000,000									
7	73	70	50	17		ICFES	1333333,333	1333333,333	1333333,333	1333333,333	1333333,333	1333333,333	1413333,333	1413333,333	1413333,333	1413333,333	1413333,333	1413333,333
7	73	70	50	18		DERECHOS DE GRADO	250000,000	250000,000	250000,000	250000,000	250000,000	250000,000	268750,000	268750,000	268750,000	268750,000	268750,000	268750,000
7	73	70	50	19		VIAJES	9166666,667	9166666,667	9166666,667	9166666,667	9166666,667	9166666,667	9854166,667	9854166,667	9854166,667	9854166,667	9854166,667	9854166,667
7	73	70	50	20		FESTIVAL DE TEATRO U.C.B.												
7	73	70	50	21		GRULAC	208333,333	208333,333	208333,333	208333,333	208333,333	208333,333	223958,333	223958,333	223958,333	223958,333	223958,333	223958,333
7	73	70	60			COSTOS PUBLICACIONES						43000000,000						
7	73	70	60	01		ANUARIO						43000000,000						
7	73	70	70			COSTOS PRUEBAS ESTANDARIZADAS		11250000,000	11250000,000	11250000,000	11250000,000							
7	73	70	70	01		INGLES		11250000,000	11250000,000	11250000,000	11250000,000							
7	73	70	70	02		MATEMATICAS												
7	73	70	70	04		EVALUACION ESTUDIANTES												
7	73	80				COSTOS DE RESTAURANTE	68625403,904	84934317,838	92624202,722	100544571,196	122842981,424	44987494,626	23670704,934	83464999,522	112325458,039	86254060,673	90068899,833	39254178,680
7	73	80	01			CARNES	25265829,563	29686764,614	33117645,303	32308591,715	42107152,502	11676923,159	5363399,824	27282282,556	40864352,862	29575186,553	33940209,284	10697790,108
7	73	80	02			LACTEOS	5898291,306	7926335,491	8652905,481	10142111,832	12274538,818	4183969,465	1519560,878	7980962,732	10587397,912	8065605,264	7971746,030	3268015,710
7	73	80	03			VERDURAS	6768546,801	9095816,051	9929586,837	11638516,146	14085569,217	4801287,638	1743762,454	9158503,194	12149501,363	9255634,195	9147926,626	3750190,714
7	73	80	04			GRANOS	1485445,197	1996194,554	2179176,344	2554222,999	3091260,466	1053704,713	382691,239	2009952,059	2666365,318	2031268,714	2007630,894	823027,889
7	73	80	05			FRUTAS	8785000,970	8785000,970	8785000,970	8785000,970	8785000,970	8785000,970	9399951,038	9399951,038	9399951,038	9399951,038	9399951,038	9399951,038
7	73	80	06			ABARROTES	7628041,439	10250835,785	11190481,811	13116417,166	15874205,917	5410972,568	1965191,739	10321483,169	13692289,141	10430948,217	10309563,550	4226403,541
7	73	80	07			BEBIDAS	1751199,391	2353324,576	2569042,799	3011187,332	3644303,712	1242218,195	451156,775	2369543,373	3143392,520	2394673,693	2366806,939	970272,037
7	73	80	08			PANADERIA	3548127,381	4768100,884	5205170,323	6101004,991	7383770,148	2516874,099	914094,486	4800961,995	6368867,605	4851878,857	4795417,672	1965880,528
7	73	80	09			ONCES DIARIAS	7494921,857	10071944,913	10995192,853	12887518,045	15597179,673	5316543,819	1930896,500	10141359,406	13453340,280	10248914,141	10129647,800	4152647,115
7	73	95				COSTOS DIVERSOS	59675820,048	78202452,938	88513818,637	72041805,100	73924765,039	74012229,765	34720262,619	49684413,492	95238231,433	68724175,612	92697757,643	41173506,901
7	73	95	05			COMISIONES	1994113,011	1994113,011	1994113,011	1994113,011	1994113,011	1994113,011	1994113,011	1994113,011	1994113,011	1994113,011	1994113,011	1994113,011
7	73	95	10			LIBROS, SUSCRIPCIONES, PERIODICOS Y REVISTAS	1535800,000	1535800,000	1535800,000	1535800,000	1535800,000	1535800,000	1643306,000	1643306,000	1643306,000	1643306,000	1643306,000	1643306,000
7	73	95	20			GASTOS DE REPRESENTACION Y RELACIONES PUBLICAS												
7	73	95	25			ELEMENTOS DE ASEO Y DESECHABLES	6269220,069	12227652,064	11532776,656	10251205,572	11719775,940	7095003,984	9895258,692	15291206,640	15749728,574	16281866,492	10470682,707	11742629,549
7	73	95	30			UTILES, PAPELERIA Y FOTOCOPIAS	20250418,694	20145051,449	30730704,889	20219608,112	17831696,090	33821070,936	7440935,737	6625354,993	26833692,716	7394280,261	35435616,797	3577096,736
7	73	95	35			COMBUSTIBLES	11311291,082	18107083,595	16151458,183	15727583,223	15559364,436	12640957,124	5276758,785	12853075,708	21414019,876	16339124,702	17292319,027	9587622,963
7	73	95	45			TAXIS Y BUSES	643366,333	643366,333	643366,333	643366,333	643366,333	643366,333	688401,977	688401,977	688401,977	688401,977	688401,977	688401,977
7	73	95	60			CASINO Y RESTAURANTES	94333,333	94333,333	94333,333	94333,333	94333,333	94333,333	100936,667	100936,667	100936,667	100936,667	100936,667	100936,667
7	73	95	65			PARQUEADEROS	184680,333	184680,333	184680,333	184680,333	184680,333	184680,333	197607,957	197607,957	197607,957	197607,957	197607,957	197607,957
7	73	95	85			PEAJES	4885750,876	5863189,063	6319506,890	5570497,628	3806344,106	5034076,671	2548582,768	4319801,566	7869173,033	6077923,052	5775144,023	2845198,356
7	73	95	95			OTROS COSTOS	12506846,316	17407183,756	19327079,008	15820617,554	20555291,456	10968828,039	4934361,027	5970608,974	18747251,623	18006615,494	19099629,478	8796593,686
